1628442521951 0.9099069237709045 0
1628442538552 0.9442378282546997 1
1628442555029 0.9541705250740051 2
1628442571921 0.9583675861358643 3
1628442588629 0.9602932929992676 4
1628442605537 0.9619641304016113 5
1628442622450 0.9628162980079651 6
1628442642363 0.9634305834770203 7
1628442659452 0.9638643264770508 8
1628442676492 0.9659836888313293 9
1628442693576 0.9671510457992554 10
1628442710632 0.9672695398330688 11
1628442727806 0.9688547253608704 12
1628442744594 0.9694315195083618 13
1628442761707 0.9691433310508728 14
1628442778890 0.9707382321357727 15
1628442795829 0.9720471501350403 16
1628442812832 0.9720659852027893 17
1628442829592 0.9727800488471985 18
1628442846600 0.9731455445289612 19
