1628442521951 0.920325756072998 0
1628442538552 0.9541480541229248 1
1628442555029 0.9658663868904114 2
1628442571921 0.9697161316871643 3
1628442588629 0.9711791276931763 4
1628442605537 0.9742674827575684 5
1628442622450 0.9755027890205383 6
1628442642363 0.9762582182884216 7
1628442659452 0.9768502712249756 8
1628442676492 0.9781470894813538 9
1628442693576 0.9794002771377563 10
1628442710632 0.9790065288543701 11
1628442727806 0.9805520176887512 12
1628442744594 0.9812288284301758 13
1628442761707 0.9812353849411011 14
1628442778890 0.9824508428573608 15
1628442795829 0.9834045171737671 16
1628442812832 0.9834689497947693 17
1628442829592 0.9839625954627991 18
1628442846600 0.9843982458114624 19
