1628442521951 0.2642761468887329 0
1628442538552 0.26443514227867126 1
1628442555029 0.26426011323928833 2
1628442571921 0.26382195949554443 3
1628442588629 0.2641570568084717 4
1628442605537 0.2648886740207672 5
1628442622450 0.26408490538597107 6
1628442642363 0.26323604583740234 7
1628442659452 0.26543352007865906 8
1628442676492 0.26309236884117126 9
1628442693576 0.2644956111907959 10
1628442710632 0.26391464471817017 11
1628442727806 0.2647746503353119 12
1628442744594 0.2639651298522949 13
1628442761707 0.26417380571365356 14
1628442778890 0.2638794481754303 15
1628442795829 0.2644748091697693 16
1628442812832 0.2629789412021637 17
1628442829592 0.264216810464859 18
1628442846600 0.26530593633651733 19
