1628442521951 0.6464816331863403 0
1628442538552 0.386783629655838 1
1628442555029 0.3155374228954315 2
1628442571921 0.2856908440589905 3
1628442588629 0.2765551507472992 4
1628442605537 0.25462403893470764 5
1628442622450 0.24636106193065643 6
1628442642363 0.24314135313034058 7
1628442659452 0.2373589724302292 8
1628442676492 0.22623904049396515 9
1628442693576 0.21639759838581085 10
1628442710632 0.21668754518032074 11
1628442727806 0.20465214550495148 12
1628442744594 0.19844059646129608 13
1628442761707 0.20029659569263458 14
1628442778890 0.18956305086612701 15
1628442795829 0.18151803314685822 16
1628442812832 0.18017496168613434 17
1628442829592 0.17555338144302368 18
1628442846600 0.17244800925254822 19
