1628442521951 0.05533139 0
1628442538552 0.052564822 1
1628442555029 0.049798254 2
1628442571921 0.047031682 3
1628442588629 0.044265114 4
1628442605537 0.04149854 5
1628442622450 0.038731974 6
1628442642363 0.035965405 7
1628442659452 0.033198833 8
1628442676492 0.030432265 9
1628442693576 0.027665695 10
1628442710632 0.024899127 11
1628442727806 0.022132557 12
1628442744594 0.019365987 13
1628442761707 0.016599417 14
1628442778890 0.013832848 15
1628442795829 0.011066278 16
1628442812832 0.008299708 17
1628442829592 0.005533139 18
1628442846600 0.0027665696 19
