1628442135242 0.903681755065918 0
1628442151948 0.9389604330062866 1
1628442168820 0.9476979374885559 2
1628442185789 0.9506192207336426 3
1628442202869 0.954020619392395 4
1628442220035 0.9600204825401306 5
1628442237054 0.961264967918396 6
1628442253905 0.962071418762207 7
1628442271037 0.9621243476867676 8
1628442289346 0.9665976166725159 9
1628442306482 0.9664229154586792 10
1628442323377 0.9671860337257385 11
1628442340424 0.9684427380561829 12
1628442357483 0.9692003726959229 13
1628442374401 0.968916654586792 14
1628442391609 0.9702724814414978 15
1628442408536 0.9719942808151245 16
1628442425450 0.9722855687141418 17
1628442442405 0.9735497236251831 18
1628442459166 0.9738860130310059 19
