1628442135242 0.9064699411392212 0
1628442151948 0.9405158162117004 1
1628442168820 0.9546869397163391 2
1628442185789 0.962266206741333 3
1628442202869 0.9657509326934814 4
1628442220035 0.9718702435493469 5
1628442237054 0.973950207233429 6
1628442253905 0.9738379716873169 7
1628442271037 0.9748812913894653 8
1628442289346 0.978107213973999 9
1628442306482 0.978471040725708 10
1628442323377 0.9784455299377441 11
1628442340424 0.9806432723999023 12
1628442357483 0.9807319641113281 13
1628442374401 0.9808904528617859 14
1628442391609 0.9824897646903992 15
1628442408536 0.98328697681427 16
1628442425450 0.9835057258605957 17
1628442442405 0.9841257333755493 18
1628442459166 0.9843945503234863 19
