1628442135242 0.26413699984550476 0
1628442151948 0.2644995152950287 1
1628442168820 0.26389071345329285 2
1628442185789 0.26425623893737793 3
1628442202869 0.2644687294960022 4
1628442220035 0.26373323798179626 5
1628442237054 0.2644433379173279 6
1628442253905 0.26413899660110474 7
1628442271037 0.26387983560562134 8
1628442289346 0.2641106843948364 9
1628442306482 0.26505571603775024 10
1628442323377 0.26488247513771057 11
1628442340424 0.2633798122406006 12
1628442357483 0.26479068398475647 13
1628442374401 0.26333680748939514 14
1628442391609 0.2646087110042572 15
1628442408536 0.26277580857276917 16
1628442425450 0.2655065655708313 17
1628442442405 0.2629106044769287 18
1628442459166 0.26475098729133606 19
