1628442135242 0.7477531433105469 0
1628442151948 0.4616392254829407 1
1628442168820 0.37951192259788513 2
1628442185789 0.33722370862960815 3
1628442202869 0.3194923996925354 4
1628442220035 0.271829217672348 5
1628442237054 0.2578970789909363 6
1628442253905 0.25550132989883423 7
1628442271037 0.24791914224624634 8
1628442289346 0.22228379547595978 9
1628442306482 0.22236302495002747 10
1628442323377 0.22035807371139526 11
1628442340424 0.20664812624454498 12
1628442357483 0.20279578864574432 13
1628442374401 0.2024471014738083 14
1628442391609 0.19279751181602478 15
1628442408536 0.18310581147670746 16
1628442425450 0.18159417808055878 17
1628442442405 0.17218177020549774 18
1628442459166 0.17041902244091034 19
