1628442135242 0.05533139 0
1628442151948 0.052564822 1
1628442168820 0.049798254 2
1628442185789 0.047031682 3
1628442202869 0.044265114 4
1628442220035 0.04149854 5
1628442237054 0.038731974 6
1628442253905 0.035965405 7
1628442271037 0.033198833 8
1628442289346 0.030432265 9
1628442306482 0.027665695 10
1628442323377 0.024899127 11
1628442340424 0.022132557 12
1628442357483 0.019365987 13
1628442374401 0.016599417 14
1628442391609 0.013832848 15
1628442408536 0.011066278 16
1628442425450 0.008299708 17
1628442442405 0.005533139 18
1628442459166 0.0027665696 19
