1592609624849 0.856020987033844 0
1592612242444 0.8904696702957153 1
1592614859124 0.9236464500427246 2
1592617453185 0.9327665567398071 3
1592620033420 0.93636554479599 4
1592622621452 0.9429535865783691 5
1592625218218 0.9431301951408386 6
1592627804921 0.9470625519752502 7
1592630380440 0.9462088942527771 8
1592632955629 0.9483064413070679 9
1592635540177 0.947536289691925 10
1592638100490 0.9532114863395691 11
1592640657037 0.9558771252632141 12
1592643224819 0.9552487134933472 13
1592645787634 0.9565429091453552 14
1592648332414 0.9559873938560486 15
1592650883793 0.9566489458084106 16
1592653449605 0.9567015171051025 17
1592656005481 0.95686936378479 18
1592658624327 0.9569053053855896 19
1592661258888 0.9573245048522949 20
1592663883573 0.9580379128456116 21
1592666488592 0.9583446383476257 22
1592669097028 0.9572470188140869 23
1592671705877 0.9576863050460815 24
1592674307689 0.9579143524169922 25
1592676866265 0.9582436680793762 26
1592679439566 0.9579523801803589 27
1592682032393 0.9584488272666931 28
1592684614944 0.9589170813560486 29
1592687215717 0.958356499671936 30
1592689786035 0.9579306244850159 31
1592692345455 0.9578449726104736 32
1592694886367 0.9582823514938354 33
1592697435514 0.958016037940979 34
1592699977840 0.9592649340629578 35
1592702530830 0.9578700065612793 36
1592705076913 0.9582463502883911 37
1592707623617 0.9582552909851074 38
1592710162842 0.9573685526847839 39
