1592609624849 0.8712169528007507 0
1592612242444 0.9194959998130798 1
1592614859124 0.9546033143997192 2
1592617453185 0.96210116147995 3
1592620033420 0.964381754398346 4
1592622621452 0.9692091941833496 5
1592625218218 0.969976544380188 6
1592627804921 0.9725244045257568 7
1592630380440 0.9719907641410828 8
1592632955629 0.9733914732933044 9
1592635540177 0.9731360673904419 10
1592638100490 0.9771408438682556 11
1592640657037 0.9785001873970032 12
1592643224819 0.9783800840377808 13
1592645787634 0.9791319966316223 14
1592648332414 0.9791771173477173 15
1592650883793 0.9796032309532166 16
1592653449605 0.9791781902313232 17
1592656005481 0.9797782897949219 18
1592658624327 0.9790998101234436 19
1592661258888 0.9796670079231262 20
1592663883573 0.9803506135940552 21
1592666488592 0.9799647927284241 22
1592669097028 0.9798782467842102 23
1592671705877 0.9803412556648254 24
1592674307689 0.9798344969749451 25
1592676866265 0.9801746010780334 26
1592679439566 0.9804055094718933 27
1592682032393 0.9804726839065552 28
1592684614944 0.9803817868232727 29
1592687215717 0.9796042442321777 30
1592689786035 0.9801559448242188 31
1592692345455 0.9798978567123413 32
1592694886367 0.9800146222114563 33
1592697435514 0.9804065227508545 34
1592699977840 0.9804922342300415 35
1592702530830 0.980518102645874 36
1592705076913 0.9801023006439209 37
1592707623617 0.9798294305801392 38
1592710162842 0.9803175926208496 39
