1592609624849 9499881.0 0
1592612242444 6574314.0 1
1592614859124 4297304.0 2
1592617453185 3869410.0 3
1592620033420 3662016.0 4
1592622621452 3248240.0 5
1592625218218 3246144.0 6
1592627804921 3012324.0 7
1592630380440 3072574.0 8
1592632955629 2918540.0 9
1592635540177 3006188.0 10
1592638100490 2514801.0 11
1592640657037 2371187.0 12
1592643224819 2425591.0 13
1592645787634 2346711.0 14
1592648332414 2351546.0 15
1592650883793 2367164.0 16
1592653449605 2379606.0 17
1592656005481 2323349.0 18
1592658624327 2345775.0 19
1592661258888 2301871.0 20
1592663883573 2226166.0 21
1592666488592 2248134.0 22
1592669097028 2298204.0 23
1592671705877 2276865.0 24
1592674307689 2272584.0 25
1592676866265 2259208.0 26
1592679439566 2234175.0 27
1592682032393 2256365.0 28
1592684614944 2206652.0 29
1592687215717 2260802.0 30
1592689786035 2221998.0 31
1592692345455 2246416.0 32
1592694886367 2259570.0 33
1592697435514 2248908.0 34
1592699977840 2198694.0 35
1592702530830 2246918.0 36
1592705076913 2263741.0 37
1592707623617 2261357.0 38
1592710162842 2289448.0 39
