1592609624849 5361485.0 0
1592612242444 4731235.0 1
1592614859124 3583985.0 2
1592617453185 3070380.0 3
1592620033420 2906267.0 4
1592622621452 2640041.0 5
1592625218218 2623827.0 6
1592627804921 2451944.0 7
1592630380440 2479592.0 8
1592632955629 2417250.0 9
1592635540177 2409057.0 10
1592638100490 2314648.0 11
1592640657037 2183093.0 12
1592643224819 2193443.0 13
1592645787634 2138857.0 14
1592648332414 2191368.0 15
1592650883793 2107461.0 16
1592653449605 2089500.0 17
1592656005481 2128539.0 18
1592658624327 2102526.0 19
1592661258888 2103115.0 20
1592663883573 2105094.0 21
1592666488592 2051525.0 22
1592669097028 2114749.0 23
1592671705877 2090639.0 24
1592674307689 2071632.0 25
1592676866265 2050887.0 26
1592679439566 2105764.0 27
1592682032393 2032687.0 28
1592684614944 2033978.0 29
1592687215717 2037613.0 30
1592689786035 2120334.0 31
1592692345455 2104855.0 32
1592694886367 2046492.0 33
1592697435514 2084525.0 34
1592699977840 2005985.0 35
1592702530830 2101735.0 36
1592705076913 2046041.0 37
1592707623617 2047544.0 38
1592710162842 2110823.0 39
