1592606993994 0.1 0
1592609625424 0.1 1
1592612242488 0.1 2
1592614859167 0.1 3
1592617453235 0.1 4
1592620033468 0.1 5
1592622621497 0.1 6
1592625218277 0.1 7
1592627804969 0.1 8
1592630380694 0.1 9
1592632955680 0.1 10
1592635540229 0.01 11
1592638100709 0.01 12
1592640657113 0.01 13
1592643224857 0.01 14
1592645787669 0.01 15
1592648332468 0.01 16
1592650883845 0.01 17
1592653449642 0.01 18
1592656005529 0.01 19
1592658624385 0.01 20
1592661258961 0.001 21
1592663883607 0.001 22
1592666488778 0.001 23
1592669097124 0.001 24
1592671705916 0.001 25
1592674307933 0.001 26
1592676866319 0.001 27
1592679439619 0.001 28
1592682032456 0.001 29
1592684614994 0.001 30
1592687215782 0.0001 31
1592689786085 0.0001 32
1592692345519 0.0001 33
1592694886401 0.0001 34
1592697435742 0.0001 35
1592699977894 0.0001 36
1592702531249 0.0001 37
1592705076994 0.0001 38
1592707623650 0.0001 39
