1592609624849 1.1650789976119995 0
1592612242444 0.7522228956222534 1
1592614859124 0.5252689123153687 2
1592617453185 0.46065619587898254 3
1592620033420 0.4347285330295563 4
1592622621452 0.39381808042526245 5
1592625218218 0.38975778222084045 6
1592627804921 0.3614521622657776 7
1592630380440 0.3613665699958801 8
1592632955629 0.3524511456489563 9
1592635540177 0.3535975217819214 10
1592638100490 0.31647801399230957 11
1592640657037 0.29589635133743286 12
1592643224819 0.29834529757499695 13
1592645787634 0.29185912013053894 14
1592648332414 0.29146525263786316 15
1592650883793 0.2893613278865814 16
1592653449605 0.2915305197238922 17
1592656005481 0.2859458029270172 18
1592658624327 0.2901853621006012 19
1592661258888 0.28379499912261963 20
1592663883573 0.2769981324672699 21
1592666488592 0.27787405252456665 22
1592669097028 0.28309106826782227 23
1592671705877 0.2802043855190277 24
1592674307689 0.281657874584198 25
1592676866265 0.27610138058662415 26
1592679439566 0.2786659598350525 27
1592682032393 0.27594462037086487 28
1592684614944 0.2724123001098633 29
1592687215717 0.27853018045425415 30
1592689786035 0.277974396944046 31
1592692345455 0.27977603673934937 32
1592694886367 0.2772948145866394 33
1592697435514 0.2783544659614563 34
1592699977840 0.2708299160003662 35
1592702530830 0.2788175344467163 36
1592705076913 0.2768697440624237 37
1592707623617 0.27854058146476746 38
1592710162842 0.28114065527915955 39
