1592609624849 0.1 0
1592612242444 0.1 1
1592614859124 0.1 2
1592617453185 0.1 3
1592620033420 0.1 4
1592622621452 0.1 5
1592625218218 0.1 6
1592627804921 0.1 7
1592630380440 0.1 8
1592632955629 0.1 9
1592635540177 0.1 10
1592638100490 0.01 11
1592640657037 0.01 12
1592643224819 0.01 13
1592645787634 0.01 14
1592648332414 0.01 15
1592650883793 0.01 16
1592653449605 0.01 17
1592656005481 0.01 18
1592658624327 0.01 19
1592661258888 0.01 20
1592663883573 0.001 21
1592666488592 0.001 22
1592669097028 0.001 23
1592671705877 0.001 24
1592674307689 0.001 25
1592676866265 0.001 26
1592679439566 0.001 27
1592682032393 0.001 28
1592684614944 0.001 29
1592687215717 0.001 30
1592689786035 1e-04 31
1592692345455 1e-04 32
1592694886367 1e-04 33
1592697435514 1e-04 34
1592699977840 1e-04 35
1592702530830 1e-04 36
1592705076913 1e-04 37
1592707623617 1e-04 38
1592710162842 1e-04 39
