1592609624849 0.7236026525497437 0
1592612242444 0.7820701003074646 1
1592614859124 0.8451311588287354 2
1592617453185 0.8652898669242859 3
1592620033420 0.8733199238777161 4
1592622621452 0.8842038512229919 5
1592625218218 0.8870440125465393 6
1592627804921 0.8934458494186401 7
1592630380440 0.8919748663902283 8
1592632955629 0.8964003324508667 9
1592635540177 0.8957236409187317 10
1592638100490 0.9022753834724426 11
1592640657037 0.9068779349327087 12
1592643224819 0.9065126180648804 13
1592645787634 0.9097989201545715 14
1592648332414 0.908036470413208 15
1592650883793 0.9110815525054932 16
1592653449605 0.9103611707687378 17
1592656005481 0.9099071025848389 18
1592658624327 0.9111036658287048 19
1592661258888 0.9103465676307678 20
1592663883573 0.9093051552772522 21
1592666488592 0.911884605884552 22
1592669097028 0.9108253717422485 23
1592671705877 0.9120671153068542 24
1592674307689 0.9118295311927795 25
1592676866265 0.9116008281707764 26
1592679439566 0.9112232327461243 27
1592682032393 0.9129945039749146 28
1592684614944 0.9121926426887512 29
1592687215717 0.9120327234268188 30
1592689786035 0.9109938144683838 31
1592692345455 0.9105694890022278 32
1592694886367 0.9120004177093506 33
1592697435514 0.9116731882095337 34
1592699977840 0.9123969078063965 35
1592702530830 0.9120773077011108 36
1592705076913 0.9119515419006348 37
1592707623617 0.9118154048919678 38
1592710162842 0.9117365479469299 39
