1592609624849 0.5963704586029053 0
1592612242444 0.7208711504936218 1
1592614859124 0.8198601603507996 2
1592617453185 0.8359830379486084 3
1592620033420 0.8454685211181641 4
1592622621452 0.8612293004989624 5
1592625218218 0.8638994097709656 6
1592627804921 0.8722055554389954 7
1592630380440 0.869512140750885 8
1592632955629 0.8775466680526733 9
1592635540177 0.8731552362442017 10
1592638100490 0.8947146534919739 11
1592640657037 0.8996595740318298 12
1592643224819 0.897631049156189 13
1592645787634 0.9018930792808533 14
1592648332414 0.901973307132721 15
1592650883793 0.9012065529823303 16
1592653449605 0.8991705775260925 17
1592656005481 0.9024657011032104 18
1592658624327 0.9018286466598511 19
1592661258888 0.902698278427124 20
1592663883573 0.904586672782898 21
1592666488592 0.9042485356330872 22
1592669097028 0.9038333296775818 23
1592671705877 0.9049787521362305 24
1592674307689 0.9040970802307129 25
1592676866265 0.903488278388977 26
1592679439566 0.9063166975975037 27
1592682032393 0.9043363332748413 28
1592684614944 0.9054431319236755 29
1592687215717 0.9033286571502686 30
1592689786035 0.9071225523948669 31
1592692345455 0.9051255583763123 32
1592694886367 0.9037202000617981 33
1592697435514 0.9053670167922974 34
1592699977840 0.9047824740409851 35
1592702530830 0.9065712690353394 36
1592705076913 0.9034873247146606 37
1592707623617 0.9034954309463501 38
1592710162842 0.9049770832061768 39
