1592609624849 74321616.0 0
1592612242444 74935072.0 1
1592614859124 75779848.0 2
1592617453185 76557328.0 3
1592620033420 76615392.0 4
1592622621452 77171896.0 5
1592625218218 76744272.0 6
1592627804921 77195760.0 7
1592630380440 77192832.0 8
1592632955629 76968064.0 9
1592635540177 77110336.0 10
1592638100490 77018928.0 11
1592640657037 77404592.0 12
1592643224819 77331256.0 13
1592645787634 77160424.0 14
1592648332414 77039000.0 15
1592650883793 77151016.0 16
1592653449605 77529384.0 17
1592656005481 77269760.0 18
1592658624327 77221952.0 19
1592661258888 77459040.0 20
1592663883573 77782320.0 21
1592666488592 77688872.0 22
1592669097028 77206248.0 23
1592671705877 77166856.0 24
1592674307689 77450872.0 25
1592676866265 77759664.0 26
1592679439566 77265320.0 27
1592682032393 77600192.0 28
1592684614944 77848336.0 29
1592687215717 77795080.0 30
1592689786035 77174816.0 31
1592692345455 77436496.0 32
1592694886367 77703984.0 33
1592697435514 77370184.0 34
1592699977840 78121936.0 35
1592702530830 77067912.0 36
1592705076913 77717744.0 37
1592707623617 77738952.0 38
1592710162842 77014800.0 39
