1592609624849 14036256.0 0
1592612242444 16978660.0 1
1592614859124 19558076.0 2
1592617453185 19722116.0 3
1592620033420 20035524.0 4
1592622621452 20159010.0 5
1592625218218 20604918.0 6
1592627804921 20559308.0 7
1592630380440 20474248.0 8
1592632955629 20915356.0 9
1592635540177 20693556.0 10
1592638100490 21370760.0 11
1592640657037 21260244.0 12
1592643224819 21268994.0 13
1592645787634 21573232.0 14
1592648332414 21637290.0 15
1592650883793 21593576.0 16
1592653449605 21220710.0 17
1592656005481 21497494.0 18
1592658624327 21548910.0 19
1592661258888 21355176.0 20
1592663883573 21105648.0 21
1592666488592 21230712.0 22
1592669097028 21599932.0 23
1592671705877 21684768.0 24
1592674307689 21424128.0 25
1592676866265 21149424.0 26
1592679439566 21614004.0 27
1592682032393 21330060.0 28
1592684614944 21130112.0 29
1592687215717 21125680.0 30
1592689786035 21701982.0 31
1592692345455 21431360.0 32
1592694886367 21209216.0 33
1592697435514 21515622.0 34
1592699977840 20892576.0 35
1592702530830 21802620.0 36
1592705076913 21191620.0 37
1592707623617 21171298.0 38
1592710162842 21804190.0 39
