1591966878752 0.1 0
1591968877691 0.1 1
1591970852116 0.1 2
1591972892049 0.1 3
1591974853915 0.1 4
1591976781443 0.1 5
1591978741066 0.1 6
1591980705407 0.1 7
1591982667831 0.1 8
1591984631562 0.1 9
1591986589597 0.1 10
1591988538189 0.01 11
1591990503430 0.01 12
1591992483692 0.01 13
1591994529224 0.01 14
1591996488143 0.01 15
1591998428932 0.01 16
1592000384679 0.01 17
1592002332963 0.01 18
1592004287745 0.01 19
1592006245579 0.01 20
1592008204502 0.001 21
1592010180199 0.001 22
1592012150434 0.001 23
1592014118514 0.001 24
1592016080114 0.001 25
1592018041011 0.001 26
1592020000188 0.001 27
1592021968398 0.001 28
1592023908806 0.001 29
1592025841777 0.001 30
1592027778062 1e-04 31
1592029676707 1e-04 32
1592031561676 1e-04 33
1592033471245 1e-04 34
1592035386558 1e-04 35
1592037308904 1e-04 36
1592039205149 1e-04 37
1592041106224 1e-04 38
1592042996167 1e-04 39
1592044908329 1e-04 40
1592046821674 1e-05 41
1592048720986 1e-05 42
1592050659620 1e-05 43
1592052591712 1e-05 44
1592054532089 1e-05 45
1592056474236 1e-05 46
1592058421559 1e-05 47
1592060368217 1e-05 48
1592062314916 1e-05 49
1592064288101 1e-05 50
1592066247752 1e-06 51
1592068206280 1e-06 52
1592070146598 1e-06 53
1592072087169 1e-06 54
1592074051833 1e-06 55
1592075976112 1e-06 56
1592077897042 1e-06 57
1592079835679 1e-06 58
1592081764789 1e-06 59
1592083707544 1e-06 60
1592085630792 1e-08 61
1592087571007 1e-08 62
1592089494875 1e-08 63
1592091426244 1e-08 64
1592093363728 1e-08 65
1592095306306 1e-08 66
1592097236069 1e-08 67
1592099163632 1e-08 68
1592101100716 1e-08 69
1592103035401 1e-08 70
1592104965847 1e-10 71
1592106921239 1e-10 72
1592108815744 1e-10 73
1592110712021 1e-10 74
1592112635058 1e-10 75
1592114587327 1e-10 76
1592116539351 1e-10 77
1592118497140 1e-10 78
1592120451675 1e-10 79
1592122409879 1e-10 80
1592124356250 1e-12 81
1592126317134 1e-12 82
1592128258950 1e-12 83
1592130208822 1e-12 84
1592132161336 1e-12 85
1592134112104 1e-12 86
1592136033847 1e-12 87
1592137937835 1e-12 88
1592139859295 1e-12 89
1592141777781 1e-12 90
1592143698035 1e-14 91
1592145614186 1e-14 92
1592147549523 1e-14 93
1592149476558 1e-14 94
1592151401935 1e-14 95
1592153330130 1e-14 96
1592155261478 1e-14 97
1592157219815 1e-14 98
1592159161792 1e-14 99
