1591966878752 0.6200544238090515 0
1591968877691 0.7754067182540894 1
1591970852116 0.8026155233383179 2
1591972892049 0.8355121612548828 3
1591974853915 0.8609949350357056 4
1591976781443 0.8698988556861877 5
1591978741066 0.8754254579544067 6
1591980705407 0.8795799612998962 7
1591982667831 0.8803309798240662 8
1591984631562 0.8927841186523438 9
1591986589597 0.8888003826141357 10
1591988538189 0.8930081725120544 11
1591990503430 0.9032901525497437 12
1591992483692 0.9047350287437439 13
1591994529224 0.9058659076690674 14
1591996488143 0.9075872898101807 15
1591998428932 0.9068402647972107 16
1592000384679 0.9079272150993347 17
1592002332963 0.908531129360199 18
1592004287745 0.9076356291770935 19
1592006245579 0.9085325598716736 20
1592008204502 0.9115857481956482 21
1592010180199 0.9108139276504517 22
1592012150434 0.9115311503410339 23
1592014118514 0.9110333919525146 24
1592016080114 0.9111150503158569 25
1592018041011 0.9098193645477295 26
1592020000188 0.9119056463241577 27
1592021968398 0.9125159382820129 28
1592023908806 0.9124165773391724 29
1592025841777 0.9118831157684326 30
1592027778062 0.9104416966438293 31
1592029676707 0.9113272428512573 32
1592031561676 0.9110573530197144 33
1592033471245 0.9097355604171753 34
1592035386558 0.91164630651474 35
1592037308904 0.910443127155304 36
1592039205149 0.9110245704650879 37
1592041106224 0.9116957783699036 38
1592042996167 0.9100899696350098 39
1592044908329 0.9108781218528748 40
1592046821674 0.9097638726234436 41
1592048720986 0.9115042686462402 42
1592050659620 0.9109061360359192 43
1592052591712 0.9110784530639648 44
1592054532089 0.9111848473548889 45
1592056474236 0.9117304682731628 46
1592058421559 0.9114607572555542 47
1592060368217 0.9118036031723022 48
1592062314916 0.9110399484634399 49
1592064288101 0.9122459292411804 50
1592066247752 0.9117621779441833 51
1592068206280 0.9110879898071289 52
1592070146598 0.9109823107719421 53
1592072087169 0.9123133420944214 54
1592074051833 0.9107139110565186 55
1592075976112 0.9111908674240112 56
1592077897042 0.9103801250457764 57
1592079835679 0.9120928645133972 58
1592081764789 0.9121734499931335 59
1592083707544 0.9112746715545654 60
1592085630792 0.9112129211425781 61
1592087571007 0.9089778661727905 62
1592089494875 0.9103881120681763 63
1592091426244 0.9109225273132324 64
1592093363728 0.9116386771202087 65
1592095306306 0.9115273356437683 66
1592097236069 0.91145920753479 67
1592099163632 0.9109413623809814 68
1592101100716 0.911248505115509 69
1592103035401 0.9140588045120239 70
1592104965847 0.9127222299575806 71
1592106921239 0.9114612340927124 72
1592108815744 0.9097656011581421 73
1592110712021 0.9119042158126831 74
1592112635058 0.9100015759468079 75
1592114587327 0.9117028117179871 76
1592116539351 0.9107856750488281 77
1592118497140 0.9098913073539734 78
1592120451675 0.911545991897583 79
1592122409879 0.9114972352981567 80
1592124356250 0.9104707837104797 81
1592126317134 0.9116811752319336 82
1592128258950 0.9107473492622375 83
1592130208822 0.9103832244873047 84
1592132161336 0.9119271636009216 85
1592134112104 0.9105523824691772 86
1592136033847 0.9102213382720947 87
1592137937835 0.9101312160491943 88
1592139859295 0.911401093006134 89
1592141777781 0.9103527665138245 90
1592143698035 0.9110144376754761 91
1592145614186 0.9112710952758789 92
1592147549523 0.9100064635276794 93
1592149476558 0.9112027287483215 94
1592151401935 0.9122326970100403 95
1592153330130 0.9106684327125549 96
1592155261478 0.9119277596473694 97
1592157219815 0.9110506772994995 98
1592159161792 0.9116151332855225 99
