1591966878752 74369864.0 0
1591968877691 75750952.0 1
1591970852116 76028144.0 2
1591972892049 76833904.0 3
1591974853915 77358976.0 4
1591976781443 77906056.0 5
1591978741066 78062216.0 6
1591980705407 78077912.0 7
1591982667831 78277824.0 8
1591984631562 77778032.0 9
1591986589597 78318176.0 10
1591988538189 78747360.0 11
1591990503430 78446488.0 12
1591992483692 78431648.0 13
1591994529224 78541248.0 14
1591996488143 78722872.0 15
1591998428932 78635128.0 16
1592000384679 78865952.0 17
1592002332963 78420008.0 18
1592004287745 78704432.0 19
1592006245579 78697688.0 20
1592008204502 78455072.0 21
1592010180199 78828520.0 22
1592012150434 78687080.0 23
1592014118514 78755144.0 24
1592016080114 78741728.0 25
1592018041011 78709264.0 26
1592020000188 78571512.0 27
1592021968398 78675856.0 28
1592023908806 78765992.0 29
1592025841777 78738360.0 30
1592027778062 78781648.0 31
1592029676707 78866344.0 32
1592031561676 78792768.0 33
1592033471245 78858192.0 34
1592035386558 78982728.0 35
1592037308904 78921984.0 36
1592039205149 78773216.0 37
1592041106224 78836336.0 38
1592042996167 78773392.0 39
1592044908329 78944688.0 40
1592046821674 78832952.0 41
1592048720986 78412904.0 42
1592050659620 78792808.0 43
1592052591712 78877472.0 44
1592054532089 78717264.0 45
1592056474236 78701112.0 46
1592058421559 78695536.0 47
1592060368217 78755200.0 48
1592062314916 78728936.0 49
1592064288101 78790400.0 50
1592066247752 78782424.0 51
1592068206280 78702432.0 52
1592070146598 78761584.0 53
1592072087169 78569416.0 54
1592074051833 78783952.0 55
1592075976112 78641616.0 56
1592077897042 78861704.0 57
1592079835679 78670312.0 58
1592081764789 78666280.0 59
1592083707544 78782176.0 60
1592085630792 78758960.0 61
1592087571007 78980168.0 62
1592089494875 79126792.0 63
1592091426244 78875232.0 64
1592093363728 78976016.0 65
1592095306306 78514056.0 66
1592097236069 78690816.0 67
1592099163632 78874840.0 68
1592101100716 78733408.0 69
1592103035401 78684536.0 70
1592104965847 78655040.0 71
1592106921239 78597176.0 72
1592108815744 78842960.0 73
1592110712021 78902288.0 74
1592112635058 78765848.0 75
1592114587327 78653504.0 76
1592116539351 79065992.0 77
1592118497140 78899240.0 78
1592120451675 78526352.0 79
1592122409879 78966440.0 80
1592124356250 78596896.0 81
1592126317134 78818296.0 82
1592128258950 78688096.0 83
1592130208822 78779464.0 84
1592132161336 78716320.0 85
1592134112104 78849960.0 86
1592136033847 78916872.0 87
1592137937835 78708656.0 88
1592139859295 78621976.0 89
1592141777781 78857032.0 90
1592143698035 78722320.0 91
1592145614186 78785032.0 92
1592147549523 78645520.0 93
1592149476558 78892664.0 94
1592151401935 78785256.0 95
1592153330130 78912920.0 96
1592155261478 78741992.0 97
1592157219815 78663616.0 98
1592159161792 78777592.0 99
