1592785809578 0.8801366090774536 0
1592788039868 0.9145150780677795 1
1592790250620 0.9287477135658264 2
1592792449052 0.9389771819114685 3
1592794648954 0.9430868029594421 4
1592796836841 0.9443501234054565 5
1592799025883 0.945999801158905 6
1592801221437 0.947097897529602 7
1592803415262 0.9478828310966492 8
1592805615684 0.9476292729377747 9
1592807816727 0.9489753842353821 10
1592810007774 0.9547219276428223 11
1592812200551 0.9559334516525269 12
1592814393628 0.9562150239944458 13
1592816586161 0.9569870233535767 14
1592818794305 0.9566313028335571 15
1592820992109 0.9569501280784607 16
1592823188275 0.9579545259475708 17
1592825389154 0.9573066830635071 18
1592827583957 0.957916796207428 19
1592829784324 0.9582341909408569 20
1592831980543 0.9587287306785583 21
1592834174736 0.9589160084724426 22
1592836359202 0.9597320556640625 23
1592838543244 0.9595442414283752 24
1592840656352 0.958905816078186 25
1592842724075 0.9599636793136597 26
1592844810045 0.9598017930984497 27
1592846903212 0.95958012342453 28
1592849002078 0.9593130350112915 29
1592851096714 0.9588016271591187 30
1592853266805 0.9596986174583435 31
1592855412012 0.9598697423934937 32
1592857562612 0.9596379399299622 33
1592859721142 0.9597428441047668 34
1592861837722 0.9594705700874329 35
1592863922967 0.9605786204338074 36
1592865992537 0.9595088958740234 37
1592868082473 0.9595801830291748 38
1592870178130 0.9600155353546143 39
