1592785809578 0.9092056751251221 0
1592788039868 0.942139208316803 1
1592790250620 0.9571184515953064 2
1592792449052 0.9658834934234619 3
1592794648954 0.969661295413971 4
1592796836841 0.9702890515327454 5
1592799025883 0.9724000692367554 6
1592801221437 0.9726141095161438 7
1592803415262 0.9731960892677307 8
1592805615684 0.9738721251487732 9
1592807816727 0.97439044713974 10
1592810007774 0.9782425761222839 11
1592812200551 0.9789934754371643 12
1592814393628 0.9794912338256836 13
1592816586161 0.9793877005577087 14
1592818794305 0.9798114895820618 15
1592820992109 0.979657769203186 16
1592823188275 0.980189323425293 17
1592825389154 0.9804463982582092 18
1592827583957 0.9807202816009521 19
1592829784324 0.9804590344429016 20
1592831980543 0.9811870455741882 21
1592834174736 0.9809860587120056 22
1592836359202 0.981607973575592 23
1592838543244 0.9815872311592102 24
1592840656352 0.981080949306488 25
1592842724075 0.9814680218696594 26
1592844810045 0.9814738631248474 27
1592846903212 0.9815542697906494 28
1592849002078 0.9816323518753052 29
1592851096714 0.9815781712532043 30
1592853266805 0.9811279773712158 31
1592855412012 0.9814642071723938 32
1592857562612 0.9818251132965088 33
1592859721142 0.9815528988838196 34
1592861837722 0.9818358421325684 35
1592863922967 0.9821334481239319 36
1592865992537 0.9812816977500916 37
1592868082473 0.9812219738960266 38
1592870178130 0.9818987250328064 39
