1592785809578 7449514.0 0
1592788039868 5196001.0 1
1592790250620 4096586.0 2
1592792449052 3421442.0 3
1592794648954 3186176.0 4
1592796836841 3099100.0 5
1592799025883 2985530.0 6
1592801221437 2984777.0 7
1592803415262 2908993.0 8
1592805615684 2928327.0 9
1592807816727 2831932.0 10
1592810007774 2481465.0 11
1592812200551 2374534.0 12
1592814393628 2348280.0 13
1592816586161 2320894.0 14
1592818794305 2328913.0 15
1592820992109 2324017.0 16
1592823188275 2257103.0 17
1592825389154 2300819.0 18
1592827583957 2268399.0 19
1592829784324 2249478.0 20
1592831980543 2210292.0 21
1592834174736 2198508.0 22
1592836359202 2147551.0 23
1592838543244 2161242.0 24
1592840656352 2185602.0 25
1592842724075 2142006.0 26
1592844810045 2140490.0 27
1592846903212 2163118.0 28
1592849002078 2173470.0 29
1592851096714 2185257.0 30
1592853266805 2203202.0 31
1592855412012 2158886.0 32
1592857562612 2133219.0 33
1592859721142 2141526.0 34
1592861837722 2153085.0 35
1592863922967 2100146.0 36
1592865992537 2191664.0 37
1592868082473 2146992.0 38
1592870178130 2124881.0 39
