1592785809578 5060115.0 0
1592788039868 3725706.0 1
1592790250620 3339711.0 2
1592792449052 2947256.0 3
1592794648954 2753622.0 4
1592796836841 2708911.0 5
1592799025883 2650316.0 6
1592801221437 2536411.0 7
1592803415262 2530233.0 8
1592805615684 2537372.0 9
1592807816727 2493371.0 10
1592810007774 2244059.0 11
1592812200551 2224470.0 12
1592814393628 2221361.0 13
1592816586161 2168209.0 14
1592818794305 2197317.0 15
1592820992109 2169029.0 16
1592823188275 2131081.0 17
1592825389154 2154952.0 18
1592827583957 2123769.0 19
1592829784324 2109464.0 20
1592831980543 2096978.0 21
1592834174736 2089232.0 22
1592836359202 2055042.0 23
1592838543244 2060925.0 24
1592840656352 2103277.0 25
1592842724075 2036434.0 26
1592844810045 2054824.0 27
1592846903212 2055350.0 28
1592849002078 2072930.0 29
1592851096714 2114417.0 30
1592853266805 2002839.0 31
1592855412012 2029292.0 32
1592857562612 2079253.0 33
1592859721142 2059886.0 34
1592861837722 2076747.0 35
1592863922967 2014129.0 36
1592865992537 2034232.0 37
1592868082473 2071501.0 38
1592870178130 2048057.0 39
