1592783562609 0.1 0
1592785809630 0.1 1
1592788039983 0.1 2
1592790251106 0.1 3
1592792449104 0.1 4
1592794648997 0.1 5
1592796836895 0.1 6
1592799025982 0.1 7
1592801221488 0.1 8
1592803415313 0.1 9
1592805615777 0.1 10
1592807816782 0.01 11
1592810007812 0.01 12
1592812200602 0.01 13
1592814393674 0.01 14
1592816586211 0.01 15
1592818794403 0.01 16
1592820992156 0.01 17
1592823188322 0.01 18
1592825389211 0.01 19
1592827584008 0.01 20
1592829784383 0.001 21
1592831980579 0.001 22
1592834174788 0.001 23
1592836359237 0.001 24
1592838543279 0.001 25
1592840656400 0.001 26
1592842724113 0.001 27
1592844810156 0.001 28
1592846903260 0.001 29
1592849002132 0.001 30
1592851096768 0.0001 31
1592853266853 0.0001 32
1592855412073 0.0001 33
1592857562667 0.0001 34
1592859721200 0.0001 35
1592861837820 0.0001 36
1592863923015 0.0001 37
1592865992588 0.0001 38
1592868082521 0.0001 39
