1592785809578 1.1284441947937012 0
1592788039868 0.6506283283233643 1
1592790250620 0.48690328001976013 2
1592792449052 0.4159684479236603 3
1592794648954 0.38084205985069275 4
1592796836841 0.37876591086387634 5
1592799025883 0.36210960149765015 6
1592801221437 0.35532116889953613 7
1592803415262 0.34772637486457825 8
1592805615684 0.3452603816986084 9
1592807816727 0.3386208713054657 10
1592810007774 0.3032456934452057 11
1592812200551 0.2933867871761322 12
1592814393628 0.28910472989082336 13
1592816586161 0.28547799587249756 14
1592818794305 0.2860426604747772 15
1592820992109 0.28463873267173767 16
1592823188275 0.27793264389038086 17
1592825389154 0.2809613049030304 18
1592827583957 0.27640655636787415 19
1592829784324 0.27525386214256287 20
1592831980543 0.2705124020576477 21
1592834174736 0.26932334899902344 22
1592836359202 0.2643532156944275 23
1592838543244 0.264595627784729 24
1592840656352 0.27030712366104126 25
1592842724075 0.26376888155937195 26
1592844810045 0.2643637955188751 27
1592846903212 0.26570677757263184 28
1592849002078 0.2662971019744873 29
1592851096714 0.26702767610549927 30
1592853266805 0.26784929633140564 31
1592855412012 0.2640978693962097 32
1592857562612 0.263567715883255 33
1592859721142 0.26420995593070984 34
1592861837722 0.26411673426628113 35
1592863922967 0.2591259777545929 36
1592865992537 0.26766854524612427 37
1592868082473 0.2665000855922699 38
1592870178130 0.2609562873840332 39
