1592785809578 0.1 0
1592788039868 0.1 1
1592790250620 0.1 2
1592792449052 0.1 3
1592794648954 0.1 4
1592796836841 0.1 5
1592799025883 0.1 6
1592801221437 0.1 7
1592803415262 0.1 8
1592805615684 0.1 9
1592807816727 0.1 10
1592810007774 0.01 11
1592812200551 0.01 12
1592814393628 0.01 13
1592816586161 0.01 14
1592818794305 0.01 15
1592820992109 0.01 16
1592823188275 0.01 17
1592825389154 0.01 18
1592827583957 0.01 19
1592829784324 0.01 20
1592831980543 0.001 21
1592834174736 0.001 22
1592836359202 0.001 23
1592838543244 0.001 24
1592840656352 0.001 25
1592842724075 0.001 26
1592844810045 0.001 27
1592846903212 0.001 28
1592849002078 0.001 29
1592851096714 0.001 30
1592853266805 1e-04 31
1592855412012 1e-04 32
1592857562612 1e-04 33
1592859721142 1e-04 34
1592861837722 1e-04 35
1592863922967 1e-04 36
1592865992537 1e-04 37
1592868082473 1e-04 38
1592870178130 1e-04 39
