1592785809578 0.7668653130531311 0
1592788039868 0.8336872458457947 1
1592790250620 0.8555074334144592 2
1592792449052 0.874247670173645 3
1592794648954 0.882348358631134 4
1592796836841 0.8846245408058167 5
1592799025883 0.8881174325942993 6
1592801221437 0.8920731544494629 7
1592803415262 0.8918061256408691 8
1592805615684 0.8920508027076721 9
1592807816727 0.8941464424133301 10
1592810007774 0.9052638411521912 11
1592812200551 0.9057778716087341 12
1592814393628 0.9069803357124329 13
1592816586161 0.9076343774795532 14
1592818794305 0.9083139300346375 15
1592820992109 0.908105731010437 16
1592823188275 0.9102590084075928 17
1592825389154 0.9101309180259705 18
1592827583957 0.9109976887702942 19
1592829784324 0.9108982086181641 20
1592831980543 0.9125130772590637 21
1592834174736 0.9123892188072205 22
1592836359202 0.9130593538284302 23
1592838543244 0.9134538173675537 24
1592840656352 0.9117541313171387 25
1592842724075 0.913926899433136 26
1592844810045 0.913669228553772 27
1592846903212 0.9142131805419922 28
1592849002078 0.9139164090156555 29
1592851096714 0.9118934273719788 30
1592853266805 0.9154934287071228 31
1592855412012 0.9141507148742676 32
1592857562612 0.9136108756065369 33
1592859721142 0.9135623574256897 34
1592861837722 0.9135152101516724 35
1592863922967 0.9152286648750305 36
1592865992537 0.9155027866363525 37
1592868082473 0.9131609201431274 38
1592870178130 0.9137716293334961 39
