1592785809578 0.6908156871795654 0
1592788039868 0.7823400497436523 1
1592790250620 0.8283811211585999 2
1592792449052 0.8569103479385376 3
1592794648954 0.866337239742279 4
1592796836841 0.87016361951828 5
1592799025883 0.8757250308990479 6
1592801221437 0.8753725290298462 7
1592803415262 0.8775926232337952 8
1592805615684 0.8774563074111938 9
1592807816727 0.8814767003059387 10
1592810007774 0.8962808847427368 11
1592812200551 0.9000568985939026 12
1592814393628 0.9021854996681213 13
1592816586161 0.9017689228057861 14
1592818794305 0.9033536314964294 15
1592820992109 0.9021817445755005 16
1592823188275 0.9054538011550903 17
1592825389154 0.9046279191970825 18
1592827583957 0.9055092334747314 19
1592829784324 0.90554279088974 20
1592831980543 0.9082194566726685 21
1592834174736 0.9082273244857788 22
1592836359202 0.9094998836517334 23
1592838543244 0.9096218943595886 24
1592840656352 0.90861576795578 25
1592842724075 0.9098669290542603 26
1592844810045 0.9103925824165344 27
1592846903212 0.9101194143295288 28
1592849002078 0.9101165533065796 29
1592851096714 0.9092095494270325 30
1592853266805 0.9078187942504883 31
1592855412012 0.9091662168502808 32
1592857562612 0.9115669131278992 33
1592859721142 0.9104433655738831 34
1592861837722 0.910620391368866 35
1592863922967 0.9119271636009216 36
1592865992537 0.9095548391342163 37
1592868082473 0.910280168056488 38
1592870178130 0.9108255505561829 39
