1592785809578 75211888.0 0
1592788039868 76768256.0 1
1592790250620 77156064.0 2
1592792449052 77507616.0 3
1592794648954 77775072.0 4
1592796836841 77787896.0 5
1592799025883 77692112.0 6
1592801221437 77880080.0 7
1592803415262 78070912.0 8
1592805615684 77932464.0 9
1592807816727 77979232.0 10
1592810007774 78197192.0 11
1592812200551 78382704.0 12
1592814393628 78137264.0 13
1592816586161 78570984.0 14
1592818794305 78071472.0 15
1592820992109 78438552.0 16
1592823188275 78362064.0 17
1592825389154 78086368.0 18
1592827583957 78235688.0 19
1592829784324 78441872.0 20
1592831980543 78186784.0 21
1592834174736 78320768.0 22
1592836359202 78581192.0 23
1592838543244 78391832.0 24
1592840656352 78346144.0 25
1592842724075 78564656.0 26
1592844810045 78423840.0 27
1592846903212 78244200.0 28
1592849002078 78112200.0 29
1592851096714 78182464.0 30
1592853266805 78462496.0 31
1592855412012 78569336.0 32
1592857562612 78164408.0 33
1592859721142 78393632.0 34
1592861837722 78200080.0 35
1592863922967 78506376.0 36
1592865992537 78099864.0 37
1592868082473 78364600.0 38
1592870178130 78489664.0 39
