1592785809578 16644571.0 0
1592788039868 18676100.0 1
1592790250620 19773668.0 2
1592792449052 20489738.0 3
1592794648954 20651254.0 4
1592796836841 20770170.0 5
1592799025883 21038052.0 6
1592801221437 20964808.0 7
1592803415262 20855856.0 8
1592805615684 20967864.0 9
1592807816727 21061526.0 10
1592810007774 21443394.0 11
1592812200551 21384318.0 12
1592814393628 21659198.0 13
1592816586161 21305984.0 14
1592818794305 21768336.0 15
1592820992109 21434488.0 16
1592823188275 21615928.0 17
1592825389154 21823838.0 18
1592827583957 21738176.0 19
1592829784324 21565306.0 20
1592831980543 21872064.0 21
1592834174736 21757518.0 22
1592836359202 21582250.0 23
1592838543244 21752094.0 24
1592840656352 21731022.0 25
1592842724075 21622916.0 26
1592844810045 21746928.0 27
1592846903212 21903456.0 28
1592849002078 22007504.0 29
1592851096714 21883968.0 30
1592853266805 21697564.0 31
1592855412012 21608556.0 32
1592857562612 21989192.0 33
1592859721142 21771006.0 34
1592861837722 21936120.0 35
1592863922967 21745408.0 36
1592865992537 22040308.0 37
1592868082473 21782964.0 38
1592870178130 21703476.0 39
