1590954919293 0.8495551943778992 0
1590955564890 0.8755069971084595 1
1590956194094 0.8821936249732971 2
1590956824465 0.9001728296279907 3
1590957457258 0.9125014543533325 4
1590958091007 0.9225008487701416 5
1590958721142 0.9170987606048584 6
1590959352311 0.926127016544342 7
1590959987516 0.9126372337341309 8
1590960621722 0.925018310546875 9
1590961258930 0.937548816204071 10
1590961893108 0.9461648464202881 11
1590962525212 0.9459304213523865 12
1590963158024 0.948933482170105 13
1590963793393 0.9470728635787964 14
1590964427086 0.9498143196105957 15
1590965057769 0.9513589143753052 16
1590965689831 0.9510544538497925 17
1590966321925 0.9474743008613586 18
1590966955117 0.9499379396438599 19
1590967596671 0.9516277313232422 20
1590968222785 0.9523596167564392 21
1590968857230 0.9516319632530212 22
1590969488103 0.9529491066932678 23
1590970123115 0.9512336850166321 24
1590970760802 0.9520154595375061 25
1590971393941 0.952698826789856 26
1590972027112 0.9528630375862122 27
1590972664306 0.9527245163917542 28
1590973301611 0.9539616703987122 29
1590973942517 0.9527364373207092 30
1590974576329 0.9528176784515381 31
1590975210106 0.9549664258956909 32
1590975847099 0.9544880390167236 33
1590976480943 0.9525825381278992 34
1590977112999 0.9536864757537842 35
1590977744211 0.9534054398536682 36
1590978376606 0.9538382291793823 37
1590979010390 0.9549790024757385 38
1590979646044 0.9534274935722351 39
1590980277341 0.9545677900314331 40
1590980907700 0.954180896282196 41
1590981545360 0.9553935527801514 42
1590982185029 0.9519824385643005 43
1590982817997 0.9542619585990906 44
1590983458978 0.9538156986236572 45
1590984098897 0.9537800550460815 46
1590984733081 0.9540377855300903 47
1590985364500 0.9541113376617432 48
1590985997439 0.9534510374069214 49
1590986633810 0.9548963904380798 50
1590987268632 0.9546111822128296 51
1590987906382 0.9549647569656372 52
1590988543566 0.9548913836479187 53
1590989178934 0.9542108178138733 54
1590989816766 0.9551553726196289 55
1590990456008 0.9552779793739319 56
1590991094468 0.9542222619056702 57
1590991733141 0.9545305371284485 58
1590992368519 0.952893078327179 59
1590993011376 0.9542385339736938 60
1590993647386 0.9539017081260681 61
1590994282256 0.9545887112617493 62
1590994920846 0.9546757936477661 63
1590995559882 0.9542402029037476 64
1590996199072 0.9556975364685059 65
1590996835591 0.954189658164978 66
1590997468802 0.9535266160964966 67
1590998106537 0.9548131823539734 68
1590998746327 0.9549258947372437 69
