1590954919293 0.8488795757293701 0
1590955564890 0.8979421854019165 1
1590956194094 0.902621328830719 2
1590956824465 0.9303346872329712 3
1590957457258 0.9408636093139648 4
1590958091007 0.953589677810669 5
1590958721142 0.9506570100784302 6
1590959352311 0.9526708126068115 7
1590959987516 0.9467219710350037 8
1590960621722 0.959561288356781 9
1590961258930 0.9662233591079712 10
1590961893108 0.9716116786003113 11
1590962525212 0.9722311496734619 12
1590963158024 0.9747303128242493 13
1590963793393 0.9740682244300842 14
1590964427086 0.9747745990753174 15
1590965057769 0.9760637879371643 16
1590965689831 0.9750556349754333 17
1590966321925 0.9752472639083862 18
1590966955117 0.9756577014923096 19
1590967596671 0.9765117168426514 20
1590968222785 0.9770402312278748 21
1590968857230 0.976006805896759 22
1590969488103 0.9767196774482727 23
1590970123115 0.9762465953826904 24
1590970760802 0.9771716594696045 25
1590971393941 0.9777581691741943 26
1590972027112 0.9772260189056396 27
1590972664306 0.9772722125053406 28
1590973301611 0.9769582748413086 29
1590973942517 0.9763488173484802 30
1590974576329 0.9763123393058777 31
1590975210106 0.9787423014640808 32
1590975847099 0.9767839908599854 33
1590976480943 0.97696453332901 34
1590977112999 0.9775919914245605 35
1590977744211 0.9782546758651733 36
1590978376606 0.9784895777702332 37
1590979010390 0.978473961353302 38
1590979646044 0.9770551323890686 39
1590980277341 0.9792577624320984 40
1590980907700 0.977494478225708 41
1590981545360 0.9780710935592651 42
1590982185029 0.9763110876083374 43
1590982817997 0.9789591431617737 44
1590983458978 0.9777376651763916 45
1590984098897 0.9793920516967773 46
1590984733081 0.9780752658843994 47
1590985364500 0.9792817234992981 48
1590985997439 0.9778459668159485 49
1590986633810 0.9785767197608948 50
1590987268632 0.9784967303276062 51
1590987906382 0.9785839915275574 52
1590988543566 0.9776498675346375 53
1590989178934 0.9780545234680176 54
1590989816766 0.979269802570343 55
1590990456008 0.9782407283782959 56
1590991094468 0.9776714444160461 57
1590991733141 0.9785573482513428 58
1590992368519 0.9773797988891602 59
1590993011376 0.9782853722572327 60
1590993647386 0.9771245121955872 61
1590994282256 0.9788030982017517 62
1590994920846 0.9787436723709106 63
1590995559882 0.9791640639305115 64
1590996199072 0.9779499769210815 65
1590996835591 0.9787260890007019 66
1590997468802 0.9780625104904175 67
1590998106537 0.9787827730178833 68
1590998746327 0.9786317348480225 69
