1590954919293 3709858.0 0
1590955564890 2642650.0 1
1590956194094 2485671.0 2
1590956824465 1934060.0 3
1590957457258 1704840.0 4
1590958091007 1436530.0 5
1590958721142 1517805.0 6
1590959352311 1420140.0 7
1590959987516 1656156.0 8
1590960621722 1370997.0 9
1590961258930 1095980.0 10
1590961893108 888583.0 11
1590962525212 901756.0 12
1590963158024 835290.0 13
1590963793393 873232.0 14
1590964427086 826432.0 15
1590965057769 798585.0 16
1590965689831 813389.0 17
1590966321925 854305.0 18
1590966955117 809541.0 19
1590967596671 809502.0 20
1590968222785 783609.0 21
1590968857230 811140.0 22
1590969488103 774508.0 23
1590970123115 820758.0 24
1590970760802 783748.0 25
1590971393941 788220.0 26
1590972027112 779835.0 27
1590972664306 786963.0 28
1590973301611 773770.0 29
1590973942517 799720.0 30
1590974576329 779790.0 31
1590975210106 728248.0 32
1590975847099 773982.0 33
1590976480943 765835.0 34
1590977112999 760070.0 35
1590977744211 767563.0 36
1590978376606 740273.0 37
1590979010390 740536.0 38
1590979646044 764043.0 39
1590980277341 741388.0 40
1590980907700 769861.0 41
1590981545360 728270.0 42
1590982185029 793469.0 43
1590982817997 748166.0 44
1590983458978 760935.0 45
1590984098897 735391.0 46
1590984733081 768220.0 47
1590985364500 730210.0 48
1590985997439 753212.0 49
1590986633810 740867.0 50
1590987268632 808513.0 51
1590987906382 790195.0 52
1590988543566 818008.0 53
1590989178934 804270.0 54
1590989816766 761183.0 55
1590990456008 778489.0 56
1590991094468 806627.0 57
1590991733141 771096.0 58
1590992368519 828145.0 59
1590993011376 761545.0 60
1590993647386 800309.0 61
1590994282256 767184.0 62
1590994920846 767241.0 63
1590995559882 786363.0 64
1590996199072 754991.0 65
1590996835591 791177.0 66
1590997468802 765698.0 67
1590998106537 746437.0 68
1590998746327 765019.0 69
