1590954919293 1219922.0 0
1590955564890 1436756.0 1
1590956194094 1374618.0 2
1590956824465 1337082.0 3
1590957457258 1162314.0 4
1590958091007 1102970.0 5
1590958721142 1198710.0 6
1590959352311 1000532.0 7
1590959987516 1206548.0 8
1590960621722 1085998.0 9
1590961258930 950432.0 10
1590961893108 875498.0 11
1590962525212 869994.0 12
1590963158024 838058.0 13
1590963793393 861078.0 14
1590964427086 818050.0 15
1590965057769 795293.0 16
1590965689831 790466.0 17
1590966321925 866853.0 18
1590966955117 830891.0 19
1590967596671 775563.0 20
1590968222785 777461.0 21
1590968857230 773797.0 22
1590969488103 767247.0 23
1590970123115 777194.0 24
1590970760802 788613.0 25
1590971393941 761746.0 26
1590972027112 764757.0 27
1590972664306 762146.0 28
1590973301611 734825.0 29
1590973942517 749012.0 30
1590974576329 766270.0 31
1590975210106 747413.0 32
1590975847099 717355.0 33
1590976480943 787948.0 34
1590977112999 757539.0 35
1590977744211 759238.0 36
1590978376606 772344.0 37
1590979010390 734721.0 38
1590979646044 762049.0 39
1590980277341 747344.0 40
1590980907700 731543.0 41
1590981545360 733398.0 42
1590982185029 779963.0 43
1590982817997 750575.0 44
1590983458978 752434.0 45
1590984098897 779154.0 46
1590984733081 737863.0 47
1590985364500 773455.0 48
1590985997439 772097.0 49
1590986633810 737094.0 50
1590987268632 678789.0 51
1590987906382 685524.0 52
1590988543566 660115.0 53
1590989178934 696140.0 54
1590989816766 708283.0 55
1590990456008 686959.0 56
1590991094468 693416.0 57
1590991733141 718848.0 58
1590992368519 715443.0 59
1590993011376 737970.0 60
1590993647386 710243.0 61
1590994282256 720858.0 62
1590994920846 717935.0 63
1590995559882 713083.0 64
1590996199072 696712.0 65
1590996835591 709956.0 66
1590997468802 757137.0 67
1590998106537 734236.0 68
1590998746327 711970.0 69
