1590954260419 0.2 0
1590954919341 0.2 1
1590955564927 0.2 2
1590956194155 0.2 3
1590956824510 0.2 4
1590957457312 0.2 5
1590958091051 0.2 6
1590958721187 0.2 7
1590959352357 0.2 8
1590959987563 0.2 9
1590960621765 0.2 10
1590961258974 0.02 11
1590961893145 0.02 12
1590962525256 0.02 13
1590963158069 0.02 14
1590963793450 0.02 15
1590964427125 0.02 16
1590965057820 0.02 17
1590965689875 0.02 18
1590966321970 0.02 19
1590966955160 0.02 20
1590967596715 0.01 21
1590968222832 0.01 22
1590968857306 0.01 23
1590969488147 0.01 24
1590970123160 0.01 25
1590970760837 0.01 26
1590971393998 0.01 27
1590972027154 0.01 28
1590972664351 0.01 29
1590973301661 0.01 30
1590973942562 0.001 31
1590974576367 0.001 32
1590975210334 0.001 33
1590975847144 0.001 34
1590976480989 0.001 35
1590977113042 0.001 36
1590977744275 0.001 37
1590978376651 0.001 38
1590979010449 0.001 39
1590979646089 0.001 40
1590980277385 0.001 41
1590980907765 0.001 42
1590981545404 0.001 43
1590982185091 0.001 44
1590982818058 0.001 45
1590983459022 0.001 46
1590984098943 0.001 47
1590984733127 0.001 48
1590985364551 0.001 49
1590985997473 0.001 50
1590986633855 1e-05 51
1590987268680 1e-05 52
1590987906427 1e-05 53
1590988543609 1e-05 54
1590989178978 1e-05 55
1590989816816 1e-05 56
1590990456083 1e-05 57
1590991094512 1e-05 58
1590991733187 1e-05 59
1590992368578 1e-05 60
1590993011422 1e-05 61
1590993647460 1e-05 62
1590994282302 1e-05 63
1590994920970 1e-05 64
1590995559928 1e-05 65
1590996199114 1e-05 66
1590996835651 1e-05 67
1590997468846 1e-05 68
1590998106599 1e-05 69
