1590954919293 1.233235239982605 0
1590955564890 1.0108956098556519 1
1590956194094 0.8285330533981323 2
1590956824465 0.6738099455833435 3
1590957457258 0.5958266854286194 4
1590958091007 0.5248039364814758 5
1590958721142 0.5416524410247803 6
1590959352311 0.5261383056640625 7
1590959987516 0.5777106285095215 8
1590960621722 0.46696391701698303 9
1590961258930 0.4182760417461395 10
1590961893108 0.36215853691101074 11
1590962525212 0.35900411009788513 12
1590963158024 0.33914417028427124 13
1590963793393 0.3422122895717621 14
1590964427086 0.3356216251850128 15
1590965057769 0.3259681463241577 16
1590965689831 0.33093100786209106 17
1590966321925 0.33746373653411865 18
1590966955117 0.3254152834415436 19
1590967596671 0.3195958733558655 20
1590968222785 0.3153773248195648 21
1590968857230 0.3293982148170471 22
1590969488103 0.3184048533439636 23
1590970123115 0.31891801953315735 24
1590970760802 0.313685804605484 25
1590971393941 0.3110024631023407 26
1590972027112 0.31428617238998413 27
1590972664306 0.31719353795051575 28
1590973301611 0.3118842542171478 29
1590973942517 0.3172118663787842 30
1590974576329 0.31464099884033203 31
1590975210106 0.2975352108478546 32
1590975847099 0.3060387969017029 33
1590976480943 0.31305190920829773 34
1590977112999 0.3075825273990631 35
1590977744211 0.3018683195114136 36
1590978376606 0.30215126276016235 37
1590979010390 0.29777616262435913 38
1590979646044 0.308333158493042 39
1590980277341 0.2952951490879059 40
1590980907700 0.3039223849773407 41
1590981545360 0.293683797121048 42
1590982185029 0.3207027018070221 43
1590982817997 0.30251896381378174 44
1590983458978 0.3029288649559021 45
1590984098897 0.29884231090545654 46
1590984733081 0.30149224400520325 47
1590985364500 0.29651710391044617 48
1590985997439 0.30530455708503723 49
1590986633810 0.29705438017845154 50
1590987268632 0.30261141061782837 51
1590987906382 0.2980418801307678 52
1590988543566 0.30080506205558777 53
1590989178934 0.3040865659713745 54
1590989816766 0.2959749400615692 55
1590990456008 0.297751784324646 56
1590991094468 0.30428022146224976 57
1590991733141 0.3006044328212738 58
1590992368519 0.3137372136116028 59
1590993011376 0.3028445243835449 60
1590993647386 0.30471497774124146 61
1590994282256 0.30325859785079956 62
1590994920846 0.29922541975975037 63
1590995559882 0.29923075437545776 64
1590996199072 0.29982516169548035 65
1590996835591 0.30106496810913086 66
1590997468802 0.303350567817688 67
1590998106537 0.2988244891166687 68
1590998746327 0.2996121346950531 69
