1590954919293 0.2 0
1590955564890 0.2 1
1590956194094 0.2 2
1590956824465 0.2 3
1590957457258 0.2 4
1590958091007 0.2 5
1590958721142 0.2 6
1590959352311 0.2 7
1590959987516 0.2 8
1590960621722 0.2 9
1590961258930 0.2 10
1590961893108 0.02 11
1590962525212 0.02 12
1590963158024 0.02 13
1590963793393 0.02 14
1590964427086 0.02 15
1590965057769 0.02 16
1590965689831 0.02 17
1590966321925 0.02 18
1590966955117 0.02 19
1590967596671 0.02 20
1590968222785 0.01 21
1590968857230 0.01 22
1590969488103 0.01 23
1590970123115 0.01 24
1590970760802 0.01 25
1590971393941 0.01 26
1590972027112 0.01 27
1590972664306 0.01 28
1590973301611 0.01 29
1590973942517 0.01 30
1590974576329 0.001 31
1590975210106 0.001 32
1590975847099 0.001 33
1590976480943 0.001 34
1590977112999 0.001 35
1590977744211 0.001 36
1590978376606 0.001 37
1590979010390 0.001 38
1590979646044 0.001 39
1590980277341 0.001 40
1590980907700 0.001 41
1590981545360 0.001 42
1590982185029 0.001 43
1590982817997 0.001 44
1590983458978 0.001 45
1590984098897 0.001 46
1590984733081 0.001 47
1590985364500 0.001 48
1590985997439 0.001 49
1590986633810 0.001 50
1590987268632 1e-05 51
1590987906382 1e-05 52
1590988543566 1e-05 53
1590989178934 1e-05 54
1590989816766 1e-05 55
1590990456008 1e-05 56
1590991094468 1e-05 57
1590991733141 1e-05 58
1590992368519 1e-05 59
1590993011376 1e-05 60
1590993647386 1e-05 61
1590994282256 1e-05 62
1590994920846 1e-05 63
1590995559882 1e-05 64
1590996199072 1e-05 65
1590996835591 1e-05 66
1590997468802 1e-05 67
1590998106537 1e-05 68
1590998746327 1e-05 69
