1590954919293 0.7564395666122437 0
1590955564890 0.7769864797592163 1
1590956194094 0.7860983610153198 2
1590956824465 0.80550616979599 3
1590957457258 0.8277896046638489 4
1590958091007 0.8487123250961304 5
1590958721142 0.8352019786834717 6
1590959352311 0.8579115271568298 7
1590959987516 0.8308213949203491 8
1590960621722 0.8496529459953308 9
1590961258930 0.8704724311828613 10
1590961893108 0.8832381963729858 11
1590962525212 0.8844732642173767 12
1590963158024 0.8878207206726074 13
1590963793393 0.885848343372345 14
1590964427086 0.8907567858695984 15
1590965057769 0.8947491645812988 16
1590965689831 0.8924492001533508 17
1590966321925 0.8866954445838928 18
1590966955117 0.8876444697380066 19
1590967596671 0.8960642218589783 20
1590968222785 0.8968040347099304 21
1590968857230 0.9001400470733643 22
1590969488103 0.8972771763801575 23
1590970123115 0.8952489495277405 24
1590970760802 0.8945477604866028 25
1590971393941 0.8986485004425049 26
1590972027112 0.8977031111717224 27
1590972664306 0.8993300795555115 28
1590973301611 0.9015933871269226 29
1590973942517 0.8978576064109802 30
1590974576329 0.8972419500350952 31
1590975210106 0.9002379775047302 32
1590975847099 0.902108907699585 33
1590976480943 0.8941867351531982 34
1590977112999 0.8986137509346008 35
1590977744211 0.8978478908538818 36
1590978376606 0.8993646502494812 37
1590979010390 0.9025000333786011 38
1590979646044 0.8988157510757446 39
1590980277341 0.8998927474021912 40
1590980907700 0.9009594917297363 41
1590981545360 0.8977040648460388 42
1590982185029 0.8972477316856384 43
1590982817997 0.9042309522628784 44
1590983458978 0.8973186016082764 45
1590984098897 0.9003702402114868 46
1590984733081 0.9013366103172302 47
1590985364500 0.8995914459228516 48
1590985997439 0.8966467380523682 49
1590986633810 0.9004077911376953 50
1590987268632 0.9086683988571167 51
1590987906382 0.9084640741348267 52
1590988543566 0.9092932939529419 53
1590989178934 0.9062227606773376 54
1590989816766 0.9059984683990479 55
1590990456008 0.906351625919342 56
1590991094468 0.9052923321723938 57
1590991733141 0.9024815559387207 58
1590992368519 0.9059463739395142 59
1590993011376 0.9012970328330994 60
1590993647386 0.9013978242874146 61
1590994282256 0.9063876271247864 62
1590994920846 0.9030196070671082 63
1590995559882 0.9061009287834167 64
1590996199072 0.9033687710762024 65
1590996835591 0.9063373804092407 66
1590997468802 0.897655725479126 67
1590998106537 0.9012163281440735 68
1590998746327 0.9042773246765137 69
