1590954919293 0.5052624940872192 0
1590955564890 0.6544812917709351 1
1590956194094 0.670224130153656 2
1590956824465 0.741146981716156 3
1590957457258 0.7662011384963989 4
1590958091007 0.8115805983543396 5
1590958721142 0.8001022934913635 6
1590959352311 0.8096638321876526 7
1590959987516 0.7815503478050232 8
1590960621722 0.8174018263816833 9
1590961258930 0.8535418510437012 10
1590961893108 0.8816995620727539 11
1590962525212 0.8807584643363953 12
1590963158024 0.8881497979164124 13
1590963793393 0.8844233155250549 14
1590964427086 0.8897608518600464 15
1590965057769 0.8943595290184021 16
1590965689831 0.8896743655204773 17
1590966321925 0.8881521224975586 18
1590966955117 0.8902145028114319 19
1590967596671 0.8920071125030518 20
1590968222785 0.8960728049278259 21
1590968857230 0.8958229422569275 22
1590969488103 0.8964057564735413 23
1590970123115 0.8900230526924133 24
1590970760802 0.8951300382614136 25
1590971393941 0.8954941630363464 26
1590972027112 0.8958961963653564 27
1590972664306 0.8963916897773743 28
1590973301611 0.8969155550003052 29
1590973942517 0.8916915655136108 30
1590974576329 0.8956181406974792 31
1590975210106 0.902546763420105 32
1590975847099 0.8951914310455322 33
1590976480943 0.8968499898910522 34
1590977112999 0.8983094692230225 35
1590977744211 0.8968433737754822 36
1590978376606 0.9031386971473694 37
1590979010390 0.9018041491508484 38
1590979646044 0.898577868938446 39
1590980277341 0.9006112813949585 40
1590980907700 0.8963096737861633 41
1590981545360 0.8983466625213623 42
1590982185029 0.8956540822982788 43
1590982817997 0.9045089483261108 44
1590983458978 0.8962788581848145 45
1590984098897 0.9054369926452637 46
1590984733081 0.8976927399635315 47
1590985364500 0.904670238494873 48
1590985997439 0.8989191651344299 49
1590986633810 0.8999490141868591 50
1590987268632 0.8930801153182983 51
1590987906382 0.895941972732544 52
1590988543566 0.8899840712547302 53
1590989178934 0.8932120203971863 54
1590989816766 0.8996820449829102 55
1590990456008 0.8951818346977234 56
1590991094468 0.8915073871612549 57
1590991733141 0.896129846572876 58
1590992368519 0.8927197456359863 59
1590993011376 0.8984640836715698 60
1590993647386 0.8902661204338074 61
1590994282256 0.9009674191474915 62
1590994920846 0.8970449566841125 63
1590995559882 0.897441029548645 64
1590996199072 0.896125316619873 65
1590996835591 0.8967286348342896 66
1590997468802 0.8966181874275208 67
1590998106537 0.8997394442558289 68
1590998746327 0.8978734016418457 69
