1590954919293 24049440.0 0
1590955564890 23682896.0 1
1590956194094 23855938.0 2
1590956824465 23959264.0 3
1590957457258 24313792.0 4
1590958091007 24040936.0 5
1590958721142 23976388.0 6
1590959352311 24306236.0 7
1590959987516 23980040.0 8
1590960621722 24173720.0 9
1590961258930 24334356.0 10
1590961893108 24381258.0 11
1590962525212 24335574.0 12
1590963158024 24461996.0 13
1590963793393 24351496.0 14
1590964427086 24453228.0 15
1590965057769 24413246.0 16
1590965689831 24604904.0 17
1590966321925 24263056.0 18
1590966955117 24563264.0 19
1590967596671 24496560.0 20
1590968222785 24450556.0 21
1590968857230 24208046.0 22
1590969488103 24524388.0 23
1590970123115 24527812.0 24
1590970760802 24505860.0 25
1590971393941 24463904.0 26
1590972027112 24512308.0 27
1590972664306 24410300.0 28
1590973301611 24527008.0 29
1590973942517 24635250.0 30
1590974576329 24531178.0 31
1590975210106 24547794.0 32
1590975847099 24665928.0 33
1590976480943 24555564.0 34
1590977112999 24536108.0 35
1590977744211 24567992.0 36
1590978376606 24353052.0 37
1590979010390 24491858.0 38
1590979646044 24472648.0 39
1590980277341 24561188.0 40
1590980907700 24611838.0 41
1590981545360 24870358.0 42
1590982185029 24383824.0 43
1590982817997 24182492.0 44
1590983458978 24679216.0 45
1590984098897 24212120.0 46
1590984733081 24521192.0 47
1590985364500 24334720.0 48
1590985997439 24544316.0 49
1590986633810 24626012.0 50
1590987268632 24527348.0 51
1590987906382 24488690.0 52
1590988543566 24672528.0 53
1590989178934 24540392.0 54
1590989816766 24472022.0 55
1590990456008 24654000.0 56
1590991094468 24639726.0 57
1590991733141 24625476.0 58
1590992368519 24333106.0 59
1590993011376 24529770.0 60
1590993647386 24764572.0 61
1590994282256 24300348.0 62
1590994920846 24597880.0 63
1590995559882 24387492.0 64
1590996199072 24803000.0 65
1590996835591 24396884.0 66
1590997468802 24604356.0 67
1590998106537 24588786.0 68
1590998746327 24565164.0 69
