1590954919293 3788781.0 0
1590955564890 5005706.0 1
1590956194094 5051785.0 2
1590956824465 5537594.0 3
1590957457258 5587069.0 4
1590958091007 6187578.0 5
1590958721142 6075103.0 6
1590959352311 6041081.0 7
1590959987516 5925253.0 8
1590960621722 6137276.0 9
1590961258930 6387249.0 10
1590961893108 6622657.0 11
1590962525212 6660677.0 12
1590963158024 6632643.0 13
1590963793393 6682203.0 14
1590964427086 6670288.0 15
1590965057769 6760875.0 16
1590965689831 6559233.0 17
1590966321925 6783791.0 18
1590966955117 6564303.0 19
1590967596671 6686380.0 20
1590968222785 6756372.0 21
1590968857230 6975026.0 22
1590969488103 6701853.0 23
1590970123115 6642243.0 24
1590970760802 6689776.0 25
1590971393941 6754135.0 26
1590972027112 6711103.0 27
1590972664306 6808597.0 28
1590973301611 6732407.0 29
1590973942517 6584008.0 30
1590974576329 6690763.0 31
1590975210106 6744548.0 32
1590975847099 6610739.0 33
1590976480943 6658644.0 34
1590977112999 6714273.0 35
1590977744211 6673190.0 36
1590978376606 6902334.0 37
1590979010390 6800883.0 38
1590979646044 6769252.0 39
1590980277341 6718090.0 40
1590980907700 6654758.0 41
1590981545360 6435979.0 42
1590982185029 6810749.0 43
1590982817997 7086768.0 44
1590983458978 6575419.0 45
1590984098897 7041341.0 46
1590984733081 6740728.0 47
1590985364500 6929622.0 48
1590985997439 6698368.0 49
1590986633810 6664028.0 50
1590987268632 6753347.0 51
1590987906382 6803599.0 52
1590988543566 6617352.0 53
1590989178934 6727196.0 54
1590989816766 6826521.0 55
1590990456008 6648554.0 56
1590991094468 6628231.0 57
1590991733141 6652559.0 58
1590992368519 6891311.0 59
1590993011376 6738706.0 60
1590993647386 6492872.0 61
1590994282256 6979600.0 62
1590994920846 6684955.0 63
1590995559882 6881058.0 64
1590996199072 6513297.0 65
1590996835591 6869971.0 66
1590997468802 6640807.0 67
1590998106537 6698533.0 68
1590998746327 6725869.0 69
