1593778958229 0.8594411611557007 0
1593780738824 0.8591646552085876 1
1593782517249 0.882697343826294 2
1593784278454 0.9126144647598267 3
1593786050728 0.9191240072250366 4
1593787825984 0.922290027141571 5
1593789594258 0.9290183782577515 6
1593791366994 0.9327000379562378 7
1593793139001 0.9350154995918274 8
1593794901530 0.9382429718971252 9
1593796669966 0.9394335746765137 10
1593798437620 0.948091447353363 11
1593800207555 0.9491209387779236 12
1593801980461 0.9510206580162048 13
1593803759320 0.9501487612724304 14
1593805535060 0.9508220553398132 15
1593807303628 0.9511250853538513 16
1593809077043 0.9517567157745361 17
1593810853038 0.9518762230873108 18
1593812626114 0.9527801275253296 19
1593814404946 0.9522393941879272 20
1593816178463 0.9529580473899841 21
1593817949981 0.9534704685211182 22
1593819723748 0.9533865451812744 23
1593821503277 0.9534043073654175 24
1593823276697 0.9530004262924194 25
1593825049940 0.9538983106613159 26
1593826817527 0.9539546966552734 27
1593828592379 0.953871488571167 28
1593830371471 0.9541813731193542 29
1593832152114 0.9540576934814453 30
1593833921921 0.9530603885650635 31
1593835693545 0.9535446166992188 32
1593837469042 0.9540143013000488 33
1593839243280 0.9534362554550171 34
1593841026676 0.9536367654800415 35
1593842802961 0.9532595872879028 36
1593844587404 0.9537933468818665 37
1593846365308 0.9539306163787842 38
1593848137598 0.9537925720214844 39
