1593778958229 0.8831562399864197 0
1593780738824 0.8777964115142822 1
1593782517249 0.9096600413322449 2
1593784278454 0.9418588876724243 3
1593786050728 0.948799192905426 4
1593787825984 0.9528449773788452 5
1593789594258 0.958717942237854 6
1593791366994 0.9610923528671265 7
1593793139001 0.9627600908279419 8
1593794901530 0.964871883392334 9
1593796669966 0.9668533802032471 10
1593798437620 0.9726738929748535 11
1593800207555 0.9732154011726379 12
1593801980461 0.9744917154312134 13
1593803759320 0.9741820693016052 14
1593805535060 0.9743735194206238 15
1593807303628 0.9747821092605591 16
1593809077043 0.9752871990203857 17
1593810853038 0.9753430485725403 18
1593812626114 0.9758159518241882 19
1593814404946 0.9760423898696899 20
1593816178463 0.976607620716095 21
1593817949981 0.9772495031356812 22
1593819723748 0.976916491985321 23
1593821503277 0.9768954515457153 24
1593823276697 0.9766212701797485 25
1593825049940 0.9769765138626099 26
1593826817527 0.9765729904174805 27
1593828592379 0.9767402410507202 28
1593830371471 0.9771039485931396 29
1593832152114 0.9764732122421265 30
1593833921921 0.9773706793785095 31
1593835693545 0.9769730567932129 32
1593837469042 0.9771612882614136 33
1593839243280 0.9763186573982239 34
1593841026676 0.9766754508018494 35
1593842802961 0.976517379283905 36
1593844587404 0.9767147898674011 37
1593846365308 0.9768965244293213 38
1593848137598 0.9773067235946655 39
