1593778958229 4495237.0 0
1593780738824 4452150.0 1
1593782517249 3519672.0 2
1593784278454 2483339.0 3
1593786050728 2277853.0 4
1593787825984 2149975.0 5
1593789594258 1977563.0 6
1593791366994 1917779.0 7
1593793139001 1859375.0 8
1593794901530 1804910.0 9
1593796669966 1709053.0 10
1593798437620 1413463.0 11
1593800207555 1390329.0 12
1593801980461 1335085.0 13
1593803759320 1365808.0 14
1593805535060 1341378.0 15
1593807303628 1338507.0 16
1593809077043 1328110.0 17
1593810853038 1313139.0 18
1593812626114 1300586.0 19
1593814404946 1296058.0 20
1593816178463 1294568.0 21
1593817949981 1264464.0 22
1593819723748 1258035.0 23
1593821503277 1274842.0 24
1593823276697 1285691.0 25
1593825049940 1242863.0 26
1593826817527 1252135.0 27
1593828592379 1256420.0 28
1593830371471 1239134.0 29
1593832152114 1259216.0 30
1593833921921 1267532.0 31
1593835693545 1261969.0 32
1593837469042 1271864.0 33
1593839243280 1263836.0 34
1593841026676 1248879.0 35
1593842802961 1287232.0 36
1593844587404 1257165.0 37
1593846365308 1259274.0 38
1593848137598 1239227.0 39
