1593778958229 2874113.0 0
1593780738824 2931677.0 1
1593782517249 2630361.0 2
1593784278454 2098170.0 3
1593786050728 1962418.0 4
1593787825984 1924251.0 5
1593789594258 1743956.0 6
1593791366994 1610651.0 7
1593793139001 1547724.0 8
1593794901530 1432905.0 9
1593796669966 1466373.0 10
1593798437620 1308014.0 11
1593800207555 1277214.0 12
1593801980461 1232895.0 13
1593803759320 1247874.0 14
1593805535060 1236928.0 15
1593807303628 1223924.0 16
1593809077043 1201191.0 17
1593810853038 1209967.0 18
1593812626114 1175083.0 19
1593814404946 1207924.0 20
1593816178463 1171798.0 21
1593817949981 1175054.0 22
1593819723748 1185865.0 23
1593821503277 1168082.0 24
1593823276697 1178414.0 25
1593825049940 1174175.0 26
1593826817527 1161985.0 27
1593828592379 1162046.0 28
1593830371471 1163086.0 29
1593832152114 1149510.0 30
1593833921921 1193472.0 31
1593835693545 1173635.0 32
1593837469042 1139098.0 33
1593839243280 1177338.0 34
1593841026676 1181888.0 35
1593842802961 1163322.0 36
1593844587404 1165411.0 37
1593846365308 1156059.0 38
1593848137598 1183309.0 39
