1593777163951 0.1 0
1593778958274 0.1 1
1593780738873 0.1 2
1593782517316 0.1 3
1593784278529 0.1 4
1593786050781 0.1 5
1593787826019 0.1 6
1593789594427 0.1 7
1593791367208 0.1 8
1593793139216 0.1 9
1593794902008 0.1 10
1593796670178 0.01 11
1593798437770 0.01 12
1593800207704 0.01 13
1593801980496 0.01 14
1593803759632 0.01 15
1593805535691 0.01 16
1593807303868 0.01 17
1593809077182 0.01 18
1593810853182 0.01 19
1593812626282 0.01 20
1593814405092 0.001 21
1593816178568 0.001 22
1593817950097 0.001 23
1593819724237 0.001 24
1593821503426 0.001 25
1593823277370 0.001 26
1593825050484 0.001 27
1593826817771 0.001 28
1593828592665 0.001 29
1593830371505 0.001 30
1593832152150 0.0001 31
1593833921997 0.0001 32
1593835693668 0.0001 33
1593837469084 0.0001 34
1593839243342 0.0001 35
1593841026734 0.0001 36
1593842802997 0.0001 37
1593844587445 0.0001 38
1593846365345 0.0001 39
