1593778958229 1.1858042478561401 0
1593780738824 1.061688780784607 1
1593782517249 0.7857162356376648 2
1593784278454 0.6021592617034912 3
1593786050728 0.5591841340065002 4
1593787825984 0.5209853053092957 5
1593789594258 0.4798767566680908 6
1593791366994 0.46546563506126404 7
1593793139001 0.44104084372520447 8
1593794901530 0.42173871397972107 9
1593796669966 0.4095231592655182 10
1593798437620 0.3508166968822479 11
1593800207555 0.3458867371082306 12
1593801980461 0.3308251202106476 13
1593803759320 0.33489856123924255 14
1593805535060 0.33070769906044006 15
1593807303628 0.32886460423469543 16
1593809077043 0.32484886050224304 17
1593810853038 0.3211067318916321 18
1593812626114 0.3175845444202423 19
1593814404946 0.31827181577682495 20
1593816178463 0.31548216938972473 21
1593817949981 0.3080943822860718 22
1593819723748 0.31081604957580566 23
1593821503277 0.3092268407344818 24
1593823276697 0.31274697184562683 25
1593825049940 0.3053683042526245 26
1593826817527 0.31009379029273987 27
1593828592379 0.30626770853996277 28
1593830371471 0.30537888407707214 29
1593832152114 0.30828341841697693 30
1593833921921 0.3090016841888428 31
1593835693545 0.3074991703033447 32
1593837469042 0.30464252829551697 33
1593839243280 0.3112449049949646 34
1593841026676 0.3078727424144745 35
1593842802961 0.31285199522972107 36
1593844587404 0.3082738518714905 37
1593846365308 0.30733540654182434 38
1593848137598 0.30493536591529846 39
