1593778958229 0.1 0
1593780738824 0.1 1
1593782517249 0.1 2
1593784278454 0.1 3
1593786050728 0.1 4
1593787825984 0.1 5
1593789594258 0.1 6
1593791366994 0.1 7
1593793139001 0.1 8
1593794901530 0.1 9
1593796669966 0.1 10
1593798437620 0.01 11
1593800207555 0.01 12
1593801980461 0.01 13
1593803759320 0.01 14
1593805535060 0.01 15
1593807303628 0.01 16
1593809077043 0.01 17
1593810853038 0.01 18
1593812626114 0.01 19
1593814404946 0.01 20
1593816178463 0.001 21
1593817949981 0.001 22
1593819723748 0.001 23
1593821503277 0.001 24
1593823276697 0.001 25
1593825049940 0.001 26
1593826817527 0.001 27
1593828592379 0.001 28
1593830371471 0.001 29
1593832152114 0.001 30
1593833921921 1e-04 31
1593835693545 1e-04 32
1593837469042 1e-04 33
1593839243280 1e-04 34
1593841026676 1e-04 35
1593842802961 1e-04 36
1593844587404 1e-04 37
1593846365308 1e-04 38
1593848137598 1e-04 39
