1593778958229 0.7186130881309509 0
1593780738824 0.7168789505958557 1
1593782517249 0.7593922019004822 2
1593784278454 0.8170364499092102 3
1593786050728 0.8313685655593872 4
1593787825984 0.8359971046447754 5
1593789594258 0.8505800366401672 6
1593791366994 0.860946536064148 7
1593793139001 0.8656880259513855 8
1593794901530 0.8748682141304016 9
1593796669966 0.8734581470489502 10
1593798437620 0.8897730112075806 11
1593800207555 0.8927804231643677 12
1593801980461 0.8948823809623718 13
1593803759320 0.8938995599746704 14
1593805535060 0.8954614400863647 15
1593807303628 0.8959209322929382 16
1593809077043 0.8983315229415894 17
1593810853038 0.8981256484985352 18
1593812626114 0.9002405405044556 19
1593814404946 0.8990169167518616 20
1593816178463 0.9004004597663879 21
1593817949981 0.9013276100158691 22
1593819723748 0.9005391597747803 23
1593821503277 0.9005218148231506 24
1593823276697 0.9004713296890259 25
1593825049940 0.9008073210716248 26
1593826817527 0.9015341997146606 27
1593828592379 0.9008175730705261 28
1593830371471 0.9007264375686646 29
1593832152114 0.9017778038978577 30
1593833921921 0.9009081721305847 31
1593835693545 0.90024733543396 32
1593837469042 0.9031082987785339 33
1593839243280 0.9000754952430725 34
1593841026676 0.8994872570037842 35
1593842802961 0.9021269679069519 36
1593844587404 0.900897204875946 37
1593846365308 0.9024120569229126 38
1593848137598 0.900278627872467 39
