1593778958229 0.6201813817024231 0
1593780738824 0.6250924468040466 1
1593782517249 0.7022643089294434 2
1593784278454 0.7904861569404602 3
1593786050728 0.8094286322593689 4
1593787825984 0.820217490196228 5
1593789594258 0.8338896036148071 6
1593791366994 0.8387077450752258 7
1593793139001 0.8428918719291687 8
1593794901530 0.8473412990570068 9
1593796669966 0.8555411696434021 10
1593798437620 0.8819359540939331 11
1593800207555 0.8843825459480286 12
1593801980461 0.8871528506278992 13
1593803759320 0.885025143623352 14
1593805535060 0.8876258730888367 15
1593807303628 0.8872754573822021 16
1593809077043 0.888783872127533 17
1593810853038 0.8903911113739014 18
1593812626114 0.8907498717308044 19
1593814404946 0.8924413919448853 20
1593816178463 0.8911017179489136 21
1593817949981 0.8946108222007751 22
1593819723748 0.8951209783554077 23
1593821503277 0.8924079537391663 24
1593823276697 0.8923857808113098 25
1593825049940 0.8956103920936584 26
1593826817527 0.8946993350982666 27
1593828592379 0.8936194777488708 28
1593830371471 0.8949175477027893 29
1593832152114 0.8934029936790466 30
1593833921921 0.8954023122787476 31
1593835693545 0.8935387134552002 32
1593837469042 0.8930233120918274 33
1593839243280 0.8935158848762512 34
1593841026676 0.8943917155265808 35
1593842802961 0.8928194642066956 36
1593844587404 0.8939223885536194 37
1593846365308 0.8946174383163452 38
1593848137598 0.896056056022644 39
