1593778958229 37719448.0 0
1593780738824 37621800.0 1
1593782517249 37976972.0 2
1593784278454 38477736.0 3
1593786050728 38513608.0 4
1593787825984 38545780.0 5
1593789594258 38779680.0 6
1593791366994 38928064.0 7
1593793139001 39046088.0 8
1593794901530 39172740.0 9
1593796669966 39131704.0 10
1593798437620 39148768.0 11
1593800207555 39126304.0 12
1593801980461 39364996.0 13
1593803759320 39301756.0 14
1593805535060 39255112.0 15
1593807303628 39330720.0 16
1593809077043 39285904.0 17
1593810853038 39238632.0 18
1593812626114 39349048.0 19
1593814404946 39171120.0 20
1593816178463 39369164.0 21
1593817949981 39255684.0 22
1593819723748 39247804.0 23
1593821503277 39411864.0 24
1593823276697 39303136.0 25
1593825049940 39348628.0 26
1593826817527 39375784.0 27
1593828592379 39456136.0 28
1593830371471 39473676.0 29
1593832152114 39466480.0 30
1593833921921 39117152.0 31
1593835693545 39401344.0 32
1593837469042 39400540.0 33
1593839243280 39382680.0 34
1593841026676 39421312.0 35
1593842802961 39255528.0 36
1593844587404 39412032.0 37
1593846365308 39323200.0 38
1593848137598 39323412.0 39
