1593778958229 7339984.0 0
1593780738824 7423177.0 1
1593782517249 8301792.0 2
1593784278454 9369523.0 3
1593786050728 9674903.0 4
1593787825984 9808780.0 5
1593789594258 9927548.0 6
1593791366994 9972310.0 7
1593793139001 9975626.0 8
1593794901530 10018262.0 9
1593796669966 10121675.0 10
1593798437620 10558538.0 11
1593800207555 10634920.0 12
1593801980461 10495827.0 13
1593803759320 10513378.0 14
1593805535060 10595335.0 15
1593807303628 10535633.0 16
1593809077043 10613594.0 17
1593810853038 10667086.0 18
1593812626114 10604079.0 19
1593814404946 10753725.0 20
1593816178463 10593298.0 21
1593817949981 10733583.0 22
1593819723748 10737070.0 23
1593821503277 10574009.0 24
1593823276697 10661534.0 25
1593825049940 10663139.0 26
1593826817527 10638913.0 27
1593828592379 10554201.0 28
1593830371471 10552880.0 29
1593832152114 10553649.0 30
1593833921921 10850631.0 31
1593835693545 10591815.0 32
1593837469042 10617309.0 33
1593839243280 10604940.0 34
1593841026676 10576699.0 35
1593842802961 10722707.0 36
1593844587404 10594205.0 37
1593846365308 10690271.0 38
1593848137598 10682842.0 39
