1591966878752 0.8516459465026855 0
1591968877691 0.9008260369300842 1
1591970852116 0.9099672436714172 2
1591972892049 0.9256336092948914 3
1591974853915 0.9367984533309937 4
1591976781443 0.9418081641197205 5
1591978741066 0.9442084431648254 6
1591980705407 0.9470252990722656 7
1591982667831 0.947736918926239 8
1591984631562 0.9501652717590332 9
1591986589597 0.9495331645011902 10
1591988538189 0.9549177289009094 11
1591990503430 0.9565727710723877 12
1591992483692 0.9566705226898193 13
1591994529224 0.9575660228729248 14
1591996488143 0.9581792950630188 15
1591998428932 0.9579841494560242 16
1592000384679 0.9588680267333984 17
1592002332963 0.9580686092376709 18
1592004287745 0.9585279822349548 19
1592006245579 0.9587398767471313 20
1592008204502 0.9592726230621338 21
1592010180199 0.9597023725509644 22
1592012150434 0.9599894881248474 23
1592014118514 0.9595856666564941 24
1592016080114 0.9595085978507996 25
1592018041011 0.9594190716743469 26
1592020000188 0.959593653678894 27
1592021968398 0.9599849581718445 28
1592023908806 0.9599658250808716 29
1592025841777 0.9597620368003845 30
1592027778062 0.9597523212432861 31
1592029676707 0.9604836106300354 32
1592031561676 0.9599649310112 33
1592033471245 0.9598872661590576 34
1592035386558 0.9601302146911621 35
1592037308904 0.9601802825927734 36
1592039205149 0.9598444104194641 37
1592041106224 0.9601086974143982 38
1592042996167 0.9598352313041687 39
1592044908329 0.9597916603088379 40
1592046821674 0.9598686099052429 41
1592048720986 0.9597323536872864 42
1592050659620 0.9601281881332397 43
1592052591712 0.9601735472679138 44
1592054532089 0.9597842693328857 45
1592056474236 0.959993302822113 46
1592058421559 0.9600355625152588 47
1592060368217 0.9600304365158081 48
1592062314916 0.9600852727890015 49
1592064288101 0.9603134989738464 50
1592066247752 0.9599040746688843 51
1592068206280 0.9598731398582458 52
1592070146598 0.9600397348403931 53
1592072087169 0.959551215171814 54
1592074051833 0.9599034190177917 55
1592075976112 0.9598050117492676 56
1592077897042 0.9595667123794556 57
1592079835679 0.9597405791282654 58
1592081764789 0.9597641825675964 59
1592083707544 0.959977388381958 60
1592085630792 0.9596869945526123 61
1592087571007 0.9598503112792969 62
1592089494875 0.9602847099304199 63
1592091426244 0.9601461887359619 64
1592093363728 0.9602724313735962 65
1592095306306 0.9595458507537842 66
1592097236069 0.960013747215271 67
1592099163632 0.9600870013237 68
1592101100716 0.9599564075469971 69
1592103035401 0.9600781202316284 70
1592104965847 0.9602862596511841 71
1592106921239 0.9597547054290771 72
1592108815744 0.9600310325622559 73
1592110712021 0.9603523015975952 74
1592112635058 0.9598667025566101 75
1592114587327 0.9596919417381287 76
1592116539351 0.960207462310791 77
1592118497140 0.9598125219345093 78
1592120451675 0.9592233300209045 79
1592122409879 0.9600849747657776 80
1592124356250 0.9597321152687073 81
1592126317134 0.9598405361175537 82
1592128258950 0.9599791765213013 83
1592130208822 0.9595924615859985 84
1592132161336 0.9604023694992065 85
1592134112104 0.9598753452301025 86
1592136033847 0.9601190686225891 87
1592137937835 0.959554135799408 88
1592139859295 0.9594577550888062 89
1592141777781 0.9600822925567627 90
1592143698035 0.9598633646965027 91
1592145614186 0.9598069787025452 92
1592147549523 0.9595638513565063 93
1592149476558 0.960029661655426 94
1592151401935 0.9600535035133362 95
1592153330130 0.9600830674171448 96
1592155261478 0.9600851535797119 97
1592157219815 0.9599447846412659 98
1592159161792 0.9603750705718994 99
