1591966878752 0.8805404305458069 0
1591968877691 0.9335262775421143 1
1591970852116 0.9439737200737 2
1591972892049 0.9567683339118958 3
1591974853915 0.9655098915100098 4
1591976781443 0.969476044178009 5
1591978741066 0.9712084531784058 6
1591980705407 0.97337406873703 7
1591982667831 0.9736108779907227 8
1591984631562 0.9757662415504456 9
1591986589597 0.9748220443725586 10
1591988538189 0.9776718616485596 11
1591990503430 0.9793381094932556 12
1591992483692 0.9796119332313538 13
1591994529224 0.9801523089408875 14
1591996488143 0.9802252650260925 15
1591998428932 0.9806481003761292 16
1592000384679 0.9806905388832092 17
1592002332963 0.980522871017456 18
1592004287745 0.9805228114128113 19
1592006245579 0.9812268018722534 20
1592008204502 0.9811360836029053 21
1592010180199 0.9810675382614136 22
1592012150434 0.9817222952842712 23
1592014118514 0.9815185070037842 24
1592016080114 0.9816354513168335 25
1592018041011 0.9813493490219116 26
1592020000188 0.9816867709159851 27
1592021968398 0.9818323254585266 28
1592023908806 0.9820446968078613 29
1592025841777 0.9817559719085693 30
1592027778062 0.9816232323646545 31
1592029676707 0.9820293188095093 32
1592031561676 0.9814903736114502 33
1592033471245 0.9813300371170044 34
1592035386558 0.9816193580627441 35
1592037308904 0.9815672039985657 36
1592039205149 0.9813570976257324 37
1592041106224 0.9818491339683533 38
1592042996167 0.9815568327903748 39
1592044908329 0.9814064502716064 40
1592046821674 0.9813486933708191 41
1592048720986 0.9817118644714355 42
1592050659620 0.9817230701446533 43
1592052591712 0.9813923835754395 44
1592054532089 0.9816352725028992 45
1592056474236 0.9818431735038757 46
1592058421559 0.9817541837692261 47
1592060368217 0.9817968010902405 48
1592062314916 0.9816282987594604 49
1592064288101 0.9818373322486877 50
1592066247752 0.98165363073349 51
1592068206280 0.9815809726715088 52
1592070146598 0.981633186340332 53
1592072087169 0.9817549586296082 54
1592074051833 0.9814159274101257 55
1592075976112 0.9816274046897888 56
1592077897042 0.9815340638160706 57
1592079835679 0.9816699028015137 58
1592081764789 0.9816573262214661 59
1592083707544 0.9814274311065674 60
1592085630792 0.9815519452095032 61
1592087571007 0.9811028242111206 62
1592089494875 0.9815685153007507 63
1592091426244 0.9817508459091187 64
1592093363728 0.9816681146621704 65
1592095306306 0.9818638563156128 66
1592097236069 0.9816364645957947 67
1592099163632 0.9815500974655151 68
1592101100716 0.98177170753479 69
1592103035401 0.9822202920913696 70
1592104965847 0.9819573163986206 71
1592106921239 0.9817311763763428 72
1592108815744 0.98149174451828 73
1592110712021 0.9819827675819397 74
1592112635058 0.981467068195343 75
1592114587327 0.9815833568572998 76
1592116539351 0.9815360307693481 77
1592118497140 0.9813875555992126 78
1592120451675 0.9815145134925842 79
1592122409879 0.9816502928733826 80
1592124356250 0.9812993407249451 81
1592126317134 0.9818966388702393 82
1592128258950 0.9814538955688477 83
1592130208822 0.9812638759613037 84
1592132161336 0.9819301962852478 85
1592134112104 0.9813290238380432 86
1592136033847 0.9814839363098145 87
1592137937835 0.9813563227653503 88
1592139859295 0.9815025925636292 89
1592141777781 0.9816642999649048 90
1592143698035 0.981593132019043 91
1592145614186 0.9816550612449646 92
1592147549523 0.981362521648407 93
1592149476558 0.9813936948776245 94
1592151401935 0.9819054007530212 95
1592153330130 0.9815100431442261 96
1592155261478 0.9817428588867188 97
1592157219815 0.9815598130226135 98
1592159161792 0.9819398522377014 99
