1591966878752 9149518.0 0
1591968877691 5418544.0 1
1591970852116 4768219.0 2
1591972892049 3981872.0 3
1591974853915 3369640.0 4
1591976781443 3118252.0 5
1591978741066 2980532.0 6
1591980705407 2905816.0 7
1591982667831 2868197.0 8
1591984631562 2624482.0 9
1591986589597 2658349.0 10
1591988538189 2561919.0 11
1591990503430 2340152.0 12
1591992483692 2304140.0 13
1591994529224 2272316.0 14
1591996488143 2214598.0 15
1591998428932 2241237.0 16
1592000384679 2198422.0 17
1592002332963 2218997.0 18
1592004287745 2218904.0 19
1592006245579 2198099.0 20
1592008204502 2146571.0 21
1592010180199 2134989.0 22
1592012150434 2132792.0 23
1592014118514 2135188.0 24
1592016080114 2133559.0 25
1592018041011 2170034.0 26
1592020000188 2130046.0 27
1592021968398 2107816.0 28
1592023908806 2101589.0 29
1592025841777 2116254.0 30
1592027778062 2149897.0 31
1592029676707 2125796.0 32
1592031561676 2134767.0 33
1592033471245 2162348.0 34
1592035386558 2102522.0 35
1592037308904 2140485.0 36
1592039205149 2136309.0 37
1592041106224 2115209.0 38
1592042996167 2160846.0 39
1592044908329 2122855.0 40
1592046821674 2163912.0 41
1592048720986 2157526.0 42
1592050659620 2140429.0 43
1592052591712 2128092.0 44
1592054532089 2136918.0 45
1592056474236 2126225.0 46
1592058421559 2134300.0 47
1592060368217 2119426.0 48
1592062314916 2142696.0 49
1592064288101 2107240.0 50
1592066247752 2116607.0 51
1592068206280 2141837.0 52
1592070146598 2140551.0 53
1592072087169 2119021.0 54
1592074051833 2144064.0 55
1592075976112 2144355.0 56
1592077897042 2141728.0 57
1592079835679 2117059.0 58
1592081764789 2115554.0 59
1592083707544 2130193.0 60
1592085630792 2131121.0 61
1592087571007 2169717.0 62
1592089494875 2122825.0 63
1592091426244 2132114.0 64
1592093363728 2104835.0 65
1592095306306 2145167.0 66
1592097236069 2134585.0 67
1592099163632 2131042.0 68
1592101100716 2135445.0 69
1592103035401 2067241.0 70
1592104965847 2107382.0 71
1592106921239 2140976.0 72
1592108815744 2164550.0 73
1592110712021 2105822.0 74
1592112635058 2164260.0 75
1592114587327 2128494.0 76
1592116539351 2117649.0 77
1592118497140 2153398.0 78
1592120451675 2140199.0 79
1592122409879 2107549.0 80
1592124356250 2167084.0 81
1592126317134 2114614.0 82
1592128258950 2153339.0 83
1592130208822 2150003.0 84
1592132161336 2123700.0 85
1592134112104 2141540.0 86
1592136033847 2146157.0 87
1592137937835 2163245.0 88
1592139859295 2137152.0 89
1592141777781 2148231.0 90
1592143698035 2141742.0 91
1592145614186 2128289.0 92
1592147549523 2172891.0 93
1592149476558 2121866.0 94
1592151401935 2105458.0 95
1592153330130 2134447.0 96
1592155261478 2117977.0 97
1592157219815 2147339.0 98
1592159161792 2125714.0 99
