1591966878752 6406557.0 0
1591968877691 4980630.0 1
1591970852116 4672424.0 2
1591972892049 3816004.0 3
1591974853915 3257518.0 4
1591976781443 2983615.0 5
1591978741066 2869675.0 6
1591980705407 2648995.0 7
1591982667831 2612022.0 8
1591984631562 2601074.0 9
1591986589597 2633337.0 10
1591988538189 2165215.0 11
1591990503430 2213488.0 12
1591992483692 2239269.0 13
1591994529224 2177254.0 14
1591996488143 2170557.0 15
1591998428932 2164372.0 16
1592000384679 2114671.0 17
1592002332963 2177952.0 18
1592004287745 2129789.0 19
1592006245579 2128388.0 20
1592008204502 2123964.0 21
1592010180199 2090465.0 22
1592012150434 2062614.0 23
1592014118514 2102611.0 24
1592016080114 2112301.0 25
1592018041011 2085167.0 26
1592020000188 2106978.0 27
1592021968398 2088019.0 28
1592023908806 2096355.0 29
1592025841777 2102823.0 30
1592027778062 2070417.0 31
1592029676707 2017783.0 32
1592031561676 2063199.0 33
1592033471245 2043704.0 34
1592035386558 2078119.0 35
1592037308904 2034859.0 36
1592039205149 2074315.0 37
1592041106224 2067724.0 38
1592042996167 2050789.0 39
1592044908329 2093251.0 40
1592046821674 2044165.0 41
1592048720986 2064761.0 42
1592050659620 2040394.0 43
1592052591712 2047906.0 44
1592054532089 2080069.0 45
1592056474236 2068701.0 46
1592058421559 2056324.0 47
1592060368217 2071634.0 48
1592062314916 2042601.0 49
1592064288101 2054187.0 50
1592066247752 2087711.0 51
1592068206280 2065779.0 52
1592070146598 2049643.0 53
1592072087169 2122362.0 54
1592074051833 2060246.0 55
1592075976112 2070341.0 56
1592077897042 2097986.0 57
1592079835679 2104414.0 58
1592081764789 2103459.0 59
1592083707544 2066501.0 60
1592085630792 2095977.0 61
1592087571007 2040165.0 62
1592089494875 2041653.0 63
1592091426244 2046884.0 64
1592093363728 2060856.0 65
1592095306306 2096796.0 66
1592097236069 2058296.0 67
1592099163632 2054212.0 68
1592101100716 2063262.0 69
1592103035401 2118880.0 70
1592104965847 2056830.0 71
1592106921239 2079148.0 72
1592108815744 2026553.0 73
1592110712021 2051529.0 74
1592112635058 2043967.0 75
1592114587327 2098101.0 76
1592116539351 2054910.0 77
1592118497140 2060624.0 78
1592120451675 2135651.0 79
1592122409879 2077811.0 80
1592124356250 2055404.0 81
1592126317134 2096385.0 82
1592128258950 2043197.0 83
1592130208822 2087044.0 84
1592132161336 2028370.0 85
1592134112104 2065815.0 86
1592136033847 2035708.0 87
1592137937835 2077818.0 88
1592139859295 2114012.0 89
1592141777781 2037460.0 90
1592143698035 2066839.0 91
1592145614186 2086217.0 92
1592147549523 2067147.0 93
1592149476558 2069301.0 94
1592151401935 2083221.0 95
1592153330130 2051085.0 96
1592155261478 2067388.0 97
1592157219815 2052826.0 98
1592159161792 2029354.0 99
