1591964814885 0.1 0
1591966878801 0.1 1
1591968878654 0.1 2
1591970854715 0.1 3
1591972893507 0.1 4
1591974856203 0.1 5
1591976791574 0.1 6
1591978747354 0.1 7
1591980708545 0.1 8
1591982668896 0.1 9
1591984634713 0.1 10
1591986590693 0.01 11
1591988554821 0.01 12
1591990525590 0.01 13
1591992484342 0.01 14
1591994529979 0.01 15
1591996488373 0.01 16
1591998438903 0.01 17
1592000384757 0.01 18
1592002333018 0.01 19
1592004287798 0.01 20
1592006245633 0.001 21
1592008204545 0.001 22
1592010180256 0.001 23
1592012150623 0.001 24
1592014118828 0.001 25
1592016088086 0.001 26
1592018041347 0.001 27
1592020000850 0.001 28
1592021968780 0.001 29
1592023908887 0.001 30
1592025842208 0.0001 31
1592027780110 0.0001 32
1592029677417 0.0001 33
1592031562634 0.0001 34
1592033473334 0.0001 35
1592035401306 0.0001 36
1592037309404 0.0001 37
1592039205262 0.0001 38
1592041106269 0.0001 39
1592042996220 0.0001 40
1592044908364 1e-05 41
1592046821723 1e-05 42
1592048721029 1e-05 43
1592050659689 1e-05 44
1592052592350 1e-05 45
1592054535165 1e-05 46
1592056480817 1e-05 47
1592058430951 1e-05 48
1592060369259 1e-05 49
1592062334613 1e-05 50
1592064288232 1e-06 51
1592066249343 1e-06 52
1592068209451 1e-06 53
1592070147928 1e-06 54
1592072107391 1e-06 55
1592074055073 1e-06 56
1592075977886 1e-06 57
1592077898270 1e-06 58
1592079836854 1e-06 59
1592081780891 1e-06 60
1592083707899 1e-08 61
1592085631526 1e-08 62
1592087571101 1e-08 63
1592089494936 1e-08 64
1592091426708 1e-08 65
1592093368934 1e-08 66
1592095306474 1e-08 67
1592097237386 1e-08 68
1592099166666 1e-08 69
1592101104329 1e-08 70
1592103036241 1e-10 71
1592104990398 1e-10 72
1592106923553 1e-10 73
1592108816306 1e-10 74
1592110714461 1e-10 75
1592112636587 1e-10 76
1592114588035 1e-10 77
1592116540317 1e-10 78
1592118497800 1e-10 79
1592120452527 1e-10 80
1592122410072 1e-12 81
1592124356313 1e-12 82
1592126317682 1e-12 83
1592128275193 1e-12 84
1592130209354 1e-12 85
1592132161434 1e-12 86
1592134112392 1e-12 87
1592136034143 1e-12 88
1592137937883 1e-12 89
1592139859595 1e-12 90
1592141778183 1e-14 91
1592143699360 1e-14 92
1592145616135 1e-14 93
1592147550176 1e-14 94
1592149476954 1e-14 95
1592151402387 1e-14 96
1592153330465 1e-14 97
1592155261627 1e-14 98
1592157220190 1e-14 99
