1591966878752 0.9575555324554443 0
1591968877691 0.674832820892334 1
1591970852116 0.608558714389801 2
1591972892049 0.5105246305465698 3
1591974853915 0.4309699237346649 4
1591976781443 0.39113137125968933 5
1591978741066 0.37625977396965027 6
1591980705407 0.35652679204940796 7
1591982667831 0.3532194495201111 8
1591984631562 0.3303075432777405 9
1591986589597 0.3366726040840149 10
1591988538189 0.30970752239227295 11
1591990503430 0.29118597507476807 12
1591992483692 0.2882833778858185 13
1591994529224 0.2825029790401459 14
1591996488143 0.27690255641937256 15
1591998428932 0.2774083614349365 16
1592000384679 0.27254441380500793 17
1592002332963 0.27571871876716614 18
1592004287745 0.2757817208766937 19
1592006245579 0.27149006724357605 20
1592008204502 0.2685222029685974 21
1592010180199 0.2666633725166321 22
1592012150434 0.2636365592479706 23
1592014118514 0.2653885781764984 24
1592016080114 0.2664611339569092 25
1592018041011 0.26781165599823 26
1592020000188 0.26504138112068176 27
1592021968398 0.26242226362228394 28
1592023908806 0.26155412197113037 29
1592025841777 0.26288753747940063 30
1592027778062 0.26556190848350525 31
1592029676707 0.260120153427124 32
1592031561676 0.26469987630844116 33
1592033471245 0.2644141912460327 34
1592035386558 0.26235491037368774 35
1592037308904 0.2629372179508209 36
1592039205149 0.26604756712913513 37
1592041106224 0.26217156648635864 38
1592042996167 0.26476895809173584 39
1592044908329 0.2647534906864166 40
1592046821674 0.2652963399887085 41
1592048720986 0.2645587921142578 42
1592050659620 0.26252955198287964 43
1592052591712 0.26409563422203064 44
1592054532089 0.26400893926620483 45
1592056474236 0.2620328366756439 46
1592058421559 0.2630988359451294 47
1592060368217 0.26289957761764526 48
1592062314916 0.2634250819683075 49
1592064288101 0.2619244158267975 50
1592066247752 0.2637718617916107 51
1592068206280 0.2647838592529297 52
1592070146598 0.26348134875297546 53
1592072087169 0.26531660556793213 54
1592074051833 0.2644217610359192 55
1592075976112 0.2641606032848358 56
1592077897042 0.26443472504615784 57
1592079835679 0.26394274830818176 58
1592081764789 0.26517558097839355 59
1592083707544 0.2651110589504242 60
1592085630792 0.2644820809364319 61
1592087571007 0.2652696371078491 62
1592089494875 0.262068510055542 63
1592091426244 0.26175400614738464 64
1592093363728 0.2621110677719116 65
1592095306306 0.26411011815071106 66
1592097236069 0.26392674446105957 67
1592099163632 0.26320651173591614 68
1592101100716 0.26294270157814026 69
1592103035401 0.26055479049682617 70
1592104965847 0.26179951429367065 71
1592106921239 0.2641651928424835 72
1592108815744 0.26476576924324036 73
1592110712021 0.2598923146724701 74
1592112635058 0.26437652111053467 75
1592114587327 0.2648978531360626 76
1592116539351 0.26301130652427673 77
1592118497140 0.2645646929740906 78
1592120451675 0.2669181525707245 79
1592122409879 0.26215529441833496 80
1592124356250 0.26599249243736267 81
1592126317134 0.26197579503059387 82
1592128258950 0.2650281488895416 83
1592130208822 0.26649007201194763 84
1592132161336 0.2612994909286499 85
1592134112104 0.2652170956134796 86
1592136033847 0.2629041373729706 87
1592137937835 0.26613849401474 88
1592139859295 0.26519259810447693 89
1592141777781 0.2631461024284363 90
1592143698035 0.26413556933403015 91
1592145614186 0.2639228403568268 92
1592147549523 0.2661348581314087 93
1592149476558 0.26406747102737427 94
1592151401935 0.2619665563106537 95
1592153330130 0.262851357460022 96
1592155261478 0.2630205750465393 97
1592157219815 0.2648138105869293 98
1592159161792 0.2597578763961792 99
