1591966878752 0.6997607350349426 0
1591968877691 0.7897413969039917 1
1591970852116 0.8058109879493713 2
1591972892049 0.8412764668464661 3
1591974853915 0.8649957776069641 4
1591976781443 0.8748130202293396 5
1591978741066 0.8795005679130554 6
1591980705407 0.8890419602394104 7
1591982667831 0.8898418545722961 8
1591984631562 0.8936386704444885 9
1591986589597 0.8897312879562378 10
1591988538189 0.9080521464347839 11
1591990503430 0.9080433249473572 12
1591992483692 0.9071682095527649 13
1591994529224 0.9094473719596863 14
1591996488143 0.9092583060264587 15
1591998428932 0.9097468852996826 16
1592000384679 0.9111230969429016 17
1592002332963 0.9100709557533264 18
1592004287745 0.911014974117279 19
1592006245579 0.9111756682395935 20
1592008204502 0.9124353528022766 21
1592010180199 0.9125111103057861 22
1592012150434 0.9141923785209656 23
1592014118514 0.9122717380523682 24
1592016080114 0.9119226932525635 25
1592018041011 0.91303950548172 26
1592020000188 0.9127764701843262 27
1592021968398 0.9132663011550903 28
1592023908806 0.9126155376434326 29
1592025841777 0.9123933911323547 30
1592027778062 0.9134660959243774 31
1592029676707 0.9154518842697144 32
1592031561676 0.9137820601463318 33
1592033471245 0.9142635464668274 34
1592035386558 0.9125820994377136 35
1592037308904 0.914484441280365 36
1592039205149 0.913382887840271 37
1592041106224 0.9135066866874695 38
1592042996167 0.9142767786979675 39
1592044908329 0.9120115637779236 40
1592046821674 0.9143296480178833 41
1592048720986 0.9149857759475708 42
1592050659620 0.9147148728370667 43
1592052591712 0.9141413569450378 44
1592054532089 0.9133428335189819 45
1592056474236 0.9139129519462585 46
1592058421559 0.914418637752533 47
1592060368217 0.9136205911636353 48
1592062314916 0.9148418307304382 49
1592064288101 0.9142658114433289 50
1592066247752 0.9128618240356445 51
1592068206280 0.9139736294746399 52
1592070146598 0.9144393801689148 53
1592072087169 0.9121872186660767 54
1592074051833 0.9139038920402527 55
1592075976112 0.9139924645423889 56
1592077897042 0.9120494723320007 57
1592079835679 0.9125720858573914 58
1592081764789 0.9126316905021667 59
1592083707544 0.9136986136436462 60
1592085630792 0.9125490784645081 61
1592087571007 0.9139450192451477 62
1592089494875 0.9135183095932007 63
1592091426244 0.9141777157783508 64
1592093363728 0.9133249521255493 65
1592095306306 0.913349449634552 66
1592097236069 0.914352536201477 67
1592099163632 0.9138756990432739 68
1592101100716 0.9139904975891113 69
1592103035401 0.9121006727218628 70
1592104965847 0.9146371483802795 71
1592106921239 0.9137976765632629 72
1592108815744 0.9150295853614807 73
1592110712021 0.9139801859855652 74
1592112635058 0.914576530456543 75
1592114587327 0.9128537774085999 76
1592116539351 0.9131994247436523 77
1592118497140 0.9134373664855957 78
1592120451675 0.9117173552513123 79
1592122409879 0.9126368761062622 80
1592124356250 0.9146910309791565 81
1592126317134 0.9123758673667908 82
1592128258950 0.9149240851402283 83
1592130208822 0.9127785563468933 84
1592132161336 0.9155467748641968 85
1592134112104 0.9134414196014404 86
1592136033847 0.9144463539123535 87
1592137937835 0.9133726954460144 88
1592139859295 0.9122762084007263 89
1592141777781 0.9145805239677429 90
1592143698035 0.9138584733009338 91
1592145614186 0.9128722548484802 92
1592147549523 0.9140093922615051 93
1592149476558 0.9132116436958313 94
1592151401935 0.9130791425704956 95
1592153330130 0.9138568639755249 96
1592155261478 0.9138502478599548 97
1592157219815 0.9146315455436707 98
1592159161792 0.9152822494506836 99
