1591966878752 14931613.0 0
1591968877691 18707488.0 1
1591970852116 19388796.0 2
1591972892049 20225824.0 3
1591974853915 20871492.0 4
1591976781443 20849656.0 5
1591978741066 20945158.0 6
1591980705407 21224852.0 7
1591982667831 21099540.0 8
1591984631562 21854000.0 9
1591986589597 21247744.0 10
1591988538189 21383088.0 11
1591990503430 21857506.0 12
1591992483692 21882504.0 13
1591994529224 21866824.0 14
1591996488143 21749612.0 15
1591998428932 21816756.0 16
1592000384679 21678578.0 17
1592002332963 22040606.0 18
1592004287745 21804466.0 19
1592006245579 21833378.0 20
1592008204502 22131982.0 21
1592010180199 21803614.0 22
1592012150434 21975042.0 23
1592014118514 21864694.0 24
1592016080114 21870048.0 25
1592018041011 21893164.0 26
1592020000188 22049098.0 27
1592021968398 21985904.0 28
1592023908806 21893676.0 29
1592025841777 21900190.0 30
1592027778062 21855648.0 31
1592029676707 21847706.0 32
1592031561676 21866856.0 33
1592033471245 21793352.0 34
1592035386558 21694132.0 35
1592037308904 21760348.0 36
1592039205149 21873788.0 37
1592041106224 21838440.0 38
1592042996167 21872584.0 39
1592044908329 21696836.0 40
1592046821674 21816640.0 41
1592048720986 22222472.0 42
1592050659620 21883992.0 43
1592052591712 21804156.0 44
1592054532089 21923374.0 45
1592056474236 21961636.0 46
1592058421559 21971392.0 47
1592060368217 21911328.0 48
1592062314916 21943356.0 49
1592064288101 21905776.0 50
1592066247752 21870924.0 51
1592068206280 21947556.0 52
1592070146598 21905812.0 53
1592072087169 22046804.0 54
1592074051833 21869356.0 55
1592075976112 22001298.0 56
1592077897042 21756178.0 57
1592079835679 21965856.0 58
1592081764789 21972316.0 59
1592083707544 21878652.0 60
1592085630792 21871498.0 61
1592087571007 21667542.0 62
1592089494875 21566260.0 63
1592091426244 21803380.0 64
1592093363728 21715956.0 65
1592095306306 22101508.0 66
1592097236069 21973892.0 67
1592099163632 21797492.0 68
1592101100716 21925510.0 69
1592103035401 21986884.0 70
1592104965847 22038310.0 71
1592106921239 22040244.0 72
1592108815744 21823536.0 73
1592110712021 21797956.0 74
1592112635058 21883500.0 75
1592114587327 21977528.0 76
1592116539351 21619006.0 77
1592118497140 21744384.0 78
1592120451675 22055420.0 79
1592122409879 21705808.0 80
1592124356250 22038244.0 81
1592126317134 21828352.0 82
1592128258950 21972974.0 83
1592130208822 21841062.0 84
1592132161336 21989296.0 85
1592134112104 21800292.0 86
1592136033847 21758816.0 87
1592137937835 21907896.0 88
1592139859295 21984496.0 89
1592141777781 21814944.0 90
1592143698035 21926682.0 91
1592145614186 21858124.0 92
1592147549523 21972080.0 93
1592149476558 21773760.0 94
1592151401935 21883636.0 95
1592153330130 21759104.0 96
1592155261478 21930218.0 97
1592157219815 21993828.0 98
1592159161792 21924942.0 99
